Information about Input/Transport/Output path for a Node in the Virtual Network :
NodeIndex: 0(0) wavelength=0 pred=-2(0) pred_arc=-2(0) n_arc=0 org_n_arc=0 : 
    path for out only #out_path=0 ==> 
    path for trans only #trans_path=0 ==> 
    path for in only #in_path=0 ==> 
NodeIndex: 1(1) wavelength=1 pred=49(0) pred_arc=72(72) n_arc=2 org_n_arc=2 : 
    path for out only #out_path=556 ==> 2 13 19 28 39 47 55 63 71 76 87 95 103 111 119 123 135 140 151 159 167 175 179 187 196 203 215 219 231 236 243 255 259 268 279 287 295 303 308 319 327 335 343 351 355 367 372 383 391 399 407 411 419 428 435 447 451 463 468 475 487 491 500 511 519 527 535 540 551 559 567 575 583 587 599 604 615 623 631 639 643 651 660 667 679 683 695 700 707 719 723 732 743 751 759 767 772 783 791 799 807 815 819 831 836 847 855 863 871 875 883 892 899 911 915 927 932 939 951 955 964 975 983 991 999 1004 1015 1023 1031 1039 1047 1051 1063 1068 1079 1087 1095 1103 1107 1115 1124 1131 1143 1147 1159 1164 1171 1183 1187 1196 1207 1215 1223 1231 1236 1247 1255 1263 1271 1279 1283 1295 1300 1311 1319 1327 1335 1339 1347 1356 1363 1375 1379 1391 1396 1403 1415 1419 1428 1439 1447 1455 1463 1468 1479 1487 1495 1503 1511 1515 1527 1532 1543 1551 1559 1567 1571 1579 1588 1595 1607 1611 1623 1628 1635 1647 1651 1660 1671 1679 1687 1695 1700 1711 1719 1727 1735 1743 1747 1759 1764 1775 1783 1791 1799 1803 1811 1820 1827 1839 1843 1855 1860 1867 1879 1883 1892 1903 1911 1919 1927 1932 1943 1951 1959 1967 1975 1979 1991 1996 2007 2015 2023 2031 2035 2043 2052 2059 2071 2075 2087 2092 2099 2111 2115 2407 2415 2423 2431 2439 2447 2455 2463 2471 2479 2487 2495 2503 2511 2517 2525 2533 2543 2551 2565 2572 2580 2584 2596 2599 2606 2619 2627 2636 2644 2647 2655 2668 2675 2684 2688 2700 2703 2710 2723 2731 2740 2748 2751 2759 2772 2779 2788 2792 2804 2807 2814 2827 2835 2844 2852 2855 2863 2876 2883 2892 2896 2908 2911 2918 2931 2939 2948 2956 2959 2967 2980 2987 2996 3000 3012 3015 3022 3035 3043 3052 3060 3063 3071 3084 3091 3100 3104 3116 3119 3126 3139 3147 3156 3164 3167 3175 3188 3195 3204 3208 3220 3223 3230 3243 3251 3260 3268 3271 3279 3292 3299 3308 3312 3324 3327 3334 3347 3355 3364 3372 3375 3383 3396 3403 3412 3416 3428 3431 3438 3451 3459 3468 3476 3479 3487 3500 3508 3509 3521 3531 3534 3544 3555 3559 3566 3578 3586 3589 3602 3605 3618 3621 3634 3637 3650 3653 3666 3669 3682 3685 3698 3701 3714 3717 3730 3733 3746 3749 3762 3765 3778 3781 3794 3797 3810 3813 3826 3829 3842 3845 3858 3861 3874 3877 3890 3893 3906 3909 3922 3925 3938 3941 3954 3957 3970 3973 3986 3989 4002 4005 4018 4021 4034 4037 4050 4053 4066 4069 4082 4085 4098 4101 4114 4117 4130 4133 4146 4149 4162 4165 4178 4181 4194 4197 4210 4213 4226 4229 4242 4245 4258 4261 4274 4277 4290 4293 4306 4309 4322 4325 4338 4341 4354 4357 4370 4373 4386 4389 4402 4405 4418 4421 4433 4436 4450 4453 4466 4469 4482 4485 4498 4501 4514 4517 4530 4533 4546 4549 4562 4565 4578 4581 4594 4597 4610 4613 4626 4629 4642 4645 4658 4661 4674 4677 4690 4693 4706 4709 4722 4725 
    path for trans only #trans_path=0 ==> 
    path for in only #in_path=0 ==> 
NodeIndex: 2(2) wavelength=1 pred=1(1) pred_arc=0(0) n_arc=3 org_n_arc=3 : 
    path for out only #out_path=36 ==> 2125 2131 2139 2147 2155 2163 2171 2179 2187 2195 2203 2211 2219 2227 2235 2243 2251 2259 2267 2275 2283 2291 2299 2307 2315 2323 2331 2339 2345 2353 2361 2369 2377 2385 2393 2401 
    path for trans only #trans_path=307 ==> 2 19 39 47 63 76 87 103 119 135 140 159 175 179 196 215 231 236 255 268 279 295 308 319 335 351 367 372 391 407 411 428 447 463 468 487 500 511 527 540 551 567 583 599 604 623 639 643 660 679 695 700 719 732 743 759 772 783 799 815 831 836 855 871 875 892 911 927 932 951 964 975 991 1004 1015 1031 1047 1063 1068 1087 1103 1107 1124 1143 1159 1164 1183 1196 1207 1223 1236 1247 1263 1279 1295 1300 1319 1335 1339 1356 1375 1391 1396 1415 1428 1439 1455 1468 1479 1495 1511 1527 1532 1551 1567 1571 1588 1607 1623 1628 1647 1660 1671 1687 1700 1711 1727 1743 1759 1764 1783 1799 1803 1820 1839 1855 1860 1879 1892 1903 1919 1932 1943 1959 1975 1991 1996 2015 2031 2035 2052 2071 2087 2092 2111 2551 2572 2580 2596 2599 2619 2636 2644 2655 2675 2684 2700 2703 2723 2740 2748 2759 2779 2788 2804 2807 2827 2844 2852 2863 2883 2892 2908 2911 2931 2948 2956 2967 2987 2996 3012 3015 3035 3052 3060 3071 3091 3100 3116 3119 3139 3156 3164 3175 3195 3204 3220 3223 3243 3260 3268 3279 3299 3308 3324 3327 3347 3364 3372 3383 3403 3412 3428 3431 3451 3468 3476 3487 3508 3509 3531 3534 3555 3566 3586 3589 3602 3618 3634 3650 3666 3682 3698 3714 3730 3746 3762 3778 3794 3810 3826 3842 3858 3874 3890 3906 3922 3938 3954 3970 3986 4002 4018 4034 4050 4066 4082 4098 4114 4130 4146 4162 4178 4194 4210 4226 4242 4258 4274 4290 4306 4322 4338 4354 4370 4386 4402 4418 4433 4450 4466 4482 4498 4514 4530 4546 4562 4578 4594 4610 4626 4642 4658 4674 4690 4706 4722 
    path for in only #in_path=0 ==> 
NodeIndex: 3(3) wavelength=1 pred=1(1) pred_arc=1(1) n_arc=1 org_n_arc=1 : 
    path for out only #out_path=0 ==> 
    path for trans only #trans_path=250 ==> 13 28 55 71 95 111 123 151 167 187 203 219 243 259 287 303 327 343 355 383 399 419 435 451 475 491 519 535 559 575 587 615 631 651 667 683 707 723 751 767 791 807 819 847 863 883 899 915 939 955 983 999 1023 1039 1051 1079 1095 1115 1131 1147 1171 1187 1215 1231 1255 1271 1283 1311 1327 1347 1363 1379 1403 1419 1447 1463 1487 1503 1515 1543 1559 1579 1595 1611 1635 1651 1679 1695 1719 1735 1747 1775 1791 1811 1827 1843 1867 1883 1911 1927 1951 1967 1979 2007 2023 2043 2059 2075 2099 2115 2407 2415 2423 2431 2439 2447 2455 2463 2471 2479 2487 2495 2503 2511 2517 2525 2533 2543 2565 2584 2606 2627 2647 2668 2688 2710 2731 2751 2772 2792 2814 2835 2855 2876 2896 2918 2939 2959 2980 3000 3022 3043 3063 3084 3104 3126 3147 3167 3188 3208 3230 3251 3271 3292 3312 3334 3355 3375 3396 3416 3438 3459 3479 3500 3521 3544 3559 3578 3589 3605 3621 3637 3653 3669 3685 3701 3717 3733 3749 3765 3781 3797 3813 3829 3845 3861 3877 3893 3909 3925 3941 3957 3973 3989 4005 4021 4037 4053 4069 4085 4101 4117 4133 4149 4165 4181 4197 4213 4229 4245 4261 4277 4293 4309 4325 4341 4357 4373 4389 4405 4421 4436 4453 4469 4485 4501 4517 4533 4549 4565 4581 4597 4613 4629 4645 4661 4677 4693 4709 4725 
    path for in only #in_path=0 ==> 
NodeIndex: 4(4) wavelength=1 pred=2(2) pred_arc=3(3) n_arc=1 org_n_arc=1 : 
    path for out only #out_path=0 ==> 
    path for trans only #trans_path=119 ==> 13 19 47 63 87 103 119 135 159 175 187 215 231 243 255 279 295 319 335 351 367 391 407 419 447 463 475 487 511 527 551 567 583 599 623 639 651 679 695 707 719 743 759 783 799 815 831 855 871 883 911 927 939 951 975 991 1015 1031 1047 1063 1087 1103 1115 1143 1159 1171 1183 1207 1223 1247 1263 1279 1295 1319 1335 1347 1375 1391 1403 1415 1439 1455 1479 1495 1511 1527 1551 1567 1579 1607 1623 1635 1647 1671 1687 1711 1727 1743 1759 1783 1799 1811 1839 1855 1867 1879 1903 1919 1943 1959 1975 1991 2015 2031 2043 2071 2087 2099 2111 
    path for in only #in_path=0 ==> 
NodeIndex: 5(5) wavelength=1 pred=2(2) pred_arc=4(4) n_arc=3 org_n_arc=2 : 
    path for out only #out_path=0 ==> 
    path for trans only #trans_path=174 ==> 2 13 28 39 55 71 76 95 111 119 123 140 151 167 179 187 196 203 219 236 243 259 268 287 303 308 327 343 351 355 372 383 399 411 419 428 435 451 468 475 491 500 519 535 540 559 575 583 587 604 615 631 643 651 660 667 683 700 707 723 732 751 767 772 791 807 815 819 836 847 863 875 883 892 899 915 932 939 955 964 983 999 1004 1023 1039 1047 1051 1068 1079 1095 1107 1115 1124 1131 1147 1164 1171 1187 1196 1215 1231 1236 1255 1271 1279 1283 1300 1311 1327 1339 1347 1356 1363 1379 1396 1403 1419 1428 1447 1463 1468 1487 1503 1511 1515 1532 1543 1559 1571 1579 1588 1595 1611 1628 1635 1651 1660 1679 1695 1700 1719 1735 1743 1747 1764 1775 1791 1803 1811 1820 1827 1843 1860 1867 1883 1892 1911 1927 1932 1951 1967 1975 1979 1996 2007 2023 2035 2043 2052 2059 2075 2092 2099 2115 
    path for in only #in_path=327 ==> 2125 2131 2139 2147 2155 2163 2171 2179 2187 2195 2203 2211 2219 2227 2235 2243 2251 2259 2267 2275 2283 2291 2299 2307 2315 2323 2331 2339 2345 2353 2361 2369 2377 2385 2393 2401 2407 2415 2423 2431 2439 2447 2455 2463 2471 2479 2487 2495 2503 2511 2517 2525 2533 2543 2551 2565 2572 2580 2584 2596 2599 2606 2619 2627 2636 2644 2647 2655 2668 2675 2684 2688 2700 2703 2710 2723 2731 2740 2748 2751 2759 2772 2779 2788 2792 2804 2807 2814 2827 2835 2844 2852 2855 2863 2876 2883 2892 2896 2908 2911 2918 2931 2939 2948 2956 2959 2967 2980 2987 2996 3000 3012 3015 3022 3035 3043 3052 3060 3063 3071 3084 3091 3100 3104 3116 3119 3126 3139 3147 3156 3164 3167 3175 3188 3195 3204 3208 3220 3223 3230 3243 3251 3260 3268 3271 3279 3292 3299 3308 3312 3324 3327 3334 3347 3355 3364 3372 3375 3383 3396 3403 3412 3416 3428 3431 3438 3451 3459 3468 3476 3479 3487 3500 3508 3509 3521 3531 3534 3544 3555 3559 3566 3578 3586 3589 3602 3605 3618 3621 3634 3637 3650 3653 3666 3669 3682 3685 3698 3701 3714 3717 3730 3733 3746 3749 3762 3765 3778 3781 3794 3797 3810 3813 3826 3829 3842 3845 3858 3861 3874 3877 3890 3893 3906 3909 3922 3925 3938 3941 3954 3957 3970 3973 3986 3989 4002 4005 4018 4021 4034 4037 4050 4053 4066 4069 4082 4085 4098 4101 4114 4117 4130 4133 4146 4149 4162 4165 4178 4181 4194 4197 4210 4213 4226 4229 4242 4245 4258 4261 4274 4277 4290 4293 4306 4309 4322 4325 4338 4341 4354 4357 4370 4373 4386 4389 4402 4405 4418 4421 4433 4436 4450 4453 4466 4469 4482 4485 4498 4501 4514 4517 4530 4533 4546 4549 4562 4565 4578 4581 4594 4597 4610 4613 4626 4629 4642 4645 4658 4661 4674 4677 4690 4693 4706 4709 4722 4725 
NodeIndex: 6(6) wavelength=1 pred=4(4) pred_arc=6(6) n_arc=0 org_n_arc=0 : 
    path for out only #out_path=0 ==> 
    path for trans only #trans_path=0 ==> 
    path for in only #in_path=265 ==> 2 13 19 28 39 47 55 63 71 76 87 95 103 111 119 123 135 140 151 159 167 175 179 187 196 203 215 219 231 236 243 255 259 268 279 287 295 303 308 319 327 335 343 351 355 367 372 383 391 399 407 411 419 428 435 447 451 463 468 475 487 491 500 511 519 527 535 540 551 559 567 575 583 587 599 604 615 623 631 639 643 651 660 667 679 683 695 700 707 719 723 732 743 751 759 767 772 783 791 799 807 815 819 831 836 847 855 863 871 875 883 892 899 911 915 927 932 939 951 955 964 975 983 991 999 1004 1015 1023 1031 1039 1047 1051 1063 1068 1079 1087 1095 1103 1107 1115 1124 1131 1143 1147 1159 1164 1171 1183 1187 1196 1207 1215 1223 1231 1236 1247 1255 1263 1271 1279 1283 1295 1300 1311 1319 1327 1335 1339 1347 1356 1363 1375 1379 1391 1396 1403 1415 1419 1428 1439 1447 1455 1463 1468 1479 1487 1495 1503 1511 1515 1527 1532 1543 1551 1559 1567 1571 1579 1588 1595 1607 1611 1623 1628 1635 1647 1651 1660 1671 1679 1687 1695 1700 1711 1719 1727 1735 1743 1747 1759 1764 1775 1783 1791 1799 1803 1811 1820 1827 1839 1843 1855 1860 1867 1879 1883 1892 1903 1911 1919 1927 1932 1943 1951 1959 1967 1975 1979 1991 1996 2007 2015 2023 2031 2035 2043 2052 2059 2071 2075 2087 2092 2099 2111 2115 
NodeIndex: 7(1) wavelength=2 pred=49(0) pred_arc=74(74) n_arc=2 org_n_arc=2 : 
    path for out only #out_path=555 ==> 8 14 20 31 36 45 50 62 67 77 85 90 102 107 118 124 134 141 147 158 163 174 180 191 197 204 214 220 230 237 247 254 260 269 277 283 294 299 309 317 323 334 339 350 356 366 373 379 390 395 406 412 423 429 436 446 452 462 469 479 486 492 501 509 515 526 531 541 549 555 566 571 582 588 598 605 611 622 627 638 644 655 661 668 678 684 694 701 711 718 724 733 741 747 758 763 773 781 787 798 803 814 820 830 837 843 854 859 870 876 887 893 900 910 916 926 933 943 950 956 965 973 979 990 995 1005 1013 1019 1030 1035 1046 1052 1062 1069 1075 1086 1091 1102 1108 1119 1125 1132 1142 1148 1158 1165 1175 1182 1188 1197 1205 1211 1222 1227 1237 1245 1251 1262 1267 1278 1284 1294 1301 1307 1318 1323 1334 1340 1351 1357 1364 1374 1380 1390 1397 1407 1414 1420 1429 1437 1443 1454 1459 1469 1477 1483 1494 1499 1510 1516 1526 1533 1539 1550 1555 1566 1572 1583 1589 1596 1606 1612 1622 1629 1639 1646 1652 1661 1669 1675 1686 1691 1701 1709 1715 1726 1731 1742 1748 1758 1765 1771 1782 1787 1798 1804 1815 1821 1828 1838 1844 1854 1861 1871 1878 1884 1893 1901 1907 1918 1923 1933 1941 1947 1958 1963 1974 1980 1990 1997 2003 2014 2019 2030 2036 2047 2053 2060 2070 2076 2086 2093 2103 2110 2116 2408 2416 2424 2432 2440 2448 2456 2464 2472 2480 2488 2496 2504 2512 2524 2532 2540 2541 2549 2557 2566 2573 2585 2592 2593 2607 2614 2620 2628 2640 2641 2653 2662 2669 2676 2689 2696 2697 2711 2718 2724 2732 2744 2745 2757 2766 2773 2780 2793 2800 2801 2815 2822 2828 2836 2848 2849 2861 2870 2877 2884 2897 2904 2905 2919 2926 2932 2940 2952 2953 2965 2974 2981 2988 3001 3008 3009 3023 3030 3036 3044 3056 3057 3069 3078 3085 3092 3105 3112 3113 3127 3134 3140 3148 3160 3161 3173 3182 3189 3196 3209 3216 3217 3231 3238 3244 3252 3264 3265 3277 3286 3293 3300 3313 3320 3321 3335 3342 3348 3356 3368 3369 3381 3390 3397 3404 3417 3424 3425 3439 3446 3452 3460 3472 3473 3485 3494 3501 3512 3516 3522 3536 3537 3545 3556 3560 3572 3579 3590 3597 3606 3613 3622 3629 3638 3645 3654 3661 3670 3677 3686 3693 3702 3709 3718 3725 3734 3741 3750 3757 3766 3773 3782 3789 3798 3805 3814 3821 3830 3837 3846 3853 3862 3869 3878 3885 3894 3901 3910 3917 3926 3933 3942 3949 3958 3965 3974 3981 3990 3997 4006 4013 4022 4029 4038 4045 4054 4061 4070 4077 4086 4093 4102 4109 4118 4125 4134 4141 4150 4157 4166 4173 4182 4189 4198 4205 4214 4221 4230 4237 4246 4253 4262 4269 4278 4285 4294 4301 4310 4317 4326 4333 4342 4349 4358 4365 4374 4381 4390 4397 4406 4413 4422 4429 4438 4446 4455 4462 4471 4478 4487 4494 4503 4510 4519 4526 4535 4542 4551 4558 4567 4574 4583 4590 4599 4606 4615 4622 4631 4638 4647 4654 4663 4670 4679 4686 4695 4702 4712 4718 
    path for trans only #trans_path=0 ==> 
    path for in only #in_path=0 ==> 
NodeIndex: 8(2) wavelength=2 pred=7(1) pred_arc=9(0) n_arc=3 org_n_arc=3 : 
    path for out only #out_path=35 ==> 2124 2130 2138 2146 2154 2162 2170 2178 2186 2194 2202 2210 2218 2226 2234 2242 2250 2258 2266 2274 2282 2290 2298 2306 2314 2322 2330 2338 2349 2357 2365 2373 2381 2389 2397 
    path for trans only #trans_path=306 ==> 8 20 36 45 62 77 85 102 118 134 141 158 174 180 197 214 230 237 254 269 277 294 309 317 334 350 366 373 390 406 412 429 446 462 469 486 501 509 526 541 549 566 582 598 605 622 638 644 661 678 694 701 718 733 741 758 773 781 798 814 830 837 854 870 876 893 910 926 933 950 965 973 990 1005 1013 1030 1046 1062 1069 1086 1102 1108 1125 1142 1158 1165 1182 1197 1205 1222 1237 1245 1262 1278 1294 1301 1318 1334 1340 1357 1374 1390 1397 1414 1429 1437 1454 1469 1477 1494 1510 1526 1533 1550 1566 1572 1589 1606 1622 1629 1646 1661 1669 1686 1701 1709 1726 1742 1758 1765 1782 1798 1804 1821 1838 1854 1861 1878 1893 1901 1918 1933 1941 1958 1974 1990 1997 2014 2030 2036 2053 2070 2086 2093 2110 2541 2557 2573 2592 2593 2614 2620 2640 2641 2662 2676 2696 2697 2718 2724 2744 2745 2766 2780 2800 2801 2822 2828 2848 2849 2870 2884 2904 2905 2926 2932 2952 2953 2974 2988 3008 3009 3030 3036 3056 3057 3078 3092 3112 3113 3134 3140 3160 3161 3182 3196 3216 3217 3238 3244 3264 3265 3286 3300 3320 3321 3342 3348 3368 3369 3390 3404 3424 3425 3446 3452 3472 3473 3494 3512 3516 3536 3537 3556 3572 3590 3606 3622 3638 3654 3670 3686 3702 3718 3734 3750 3766 3782 3798 3814 3830 3846 3862 3878 3894 3910 3926 3942 3958 3974 3990 4006 4022 4038 4054 4070 4086 4102 4118 4134 4150 4166 4182 4198 4214 4230 4246 4262 4278 4294 4310 4326 4342 4358 4374 4390 4406 4422 4438 4455 4471 4487 4503 4519 4535 4551 4567 4583 4599 4615 4631 4647 4663 4679 4695 4712 
    path for in only #in_path=0 ==> 
NodeIndex: 9(3) wavelength=2 pred=7(1) pred_arc=10(1) n_arc=1 org_n_arc=1 : 
    path for out only #out_path=0 ==> 
    path for trans only #trans_path=249 ==> 14 31 50 67 90 107 124 147 163 191 204 220 247 260 283 299 323 339 356 379 395 423 436 452 479 492 515 531 555 571 588 611 627 655 668 684 711 724 747 763 787 803 820 843 859 887 900 916 943 956 979 995 1019 1035 1052 1075 1091 1119 1132 1148 1175 1188 1211 1227 1251 1267 1284 1307 1323 1351 1364 1380 1407 1420 1443 1459 1483 1499 1516 1539 1555 1583 1596 1612 1639 1652 1675 1691 1715 1731 1748 1771 1787 1815 1828 1844 1871 1884 1907 1923 1947 1963 1980 2003 2019 2047 2060 2076 2103 2116 2408 2416 2424 2432 2440 2448 2456 2464 2472 2480 2488 2496 2504 2512 2524 2532 2540 2549 2566 2585 2607 2628 2653 2669 2689 2711 2732 2757 2773 2793 2815 2836 2861 2877 2897 2919 2940 2965 2981 3001 3023 3044 3069 3085 3105 3127 3148 3173 3189 3209 3231 3252 3277 3293 3313 3335 3356 3381 3397 3417 3439 3460 3485 3501 3522 3545 3560 3579 3597 3613 3629 3645 3661 3677 3693 3709 3725 3741 3757 3773 3789 3805 3821 3837 3853 3869 3885 3901 3917 3933 3949 3965 3981 3997 4013 4029 4045 4061 4077 4093 4109 4125 4141 4157 4173 4189 4205 4221 4237 4253 4269 4285 4301 4317 4333 4349 4365 4381 4397 4413 4429 4446 4462 4478 4494 4510 4526 4542 4558 4574 4590 4606 4622 4638 4654 4670 4686 4702 4718 
    path for in only #in_path=0 ==> 
NodeIndex: 10(4) wavelength=2 pred=8(2) pred_arc=12(3) n_arc=1 org_n_arc=1 : 
    path for out only #out_path=0 ==> 
    path for trans only #trans_path=119 ==> 14 20 45 62 85 102 118 134 158 174 191 214 230 247 254 277 294 317 334 350 366 390 406 423 446 462 479 486 509 526 549 566 582 598 622 638 655 678 694 711 718 741 758 781 798 814 830 854 870 887 910 926 943 950 973 990 1013 1030 1046 1062 1086 1102 1119 1142 1158 1175 1182 1205 1222 1245 1262 1278 1294 1318 1334 1351 1374 1390 1407 1414 1437 1454 1477 1494 1510 1526 1550 1566 1583 1606 1622 1639 1646 1669 1686 1709 1726 1742 1758 1782 1798 1815 1838 1854 1871 1878 1901 1918 1941 1958 1974 1990 2014 2030 2047 2070 2086 2103 2110 
    path for in only #in_path=0 ==> 
NodeIndex: 11(5) wavelength=2 pred=8(2) pred_arc=13(4) n_arc=3 org_n_arc=2 : 
    path for out only #out_path=0 ==> 
    path for trans only #trans_path=174 ==> 8 14 31 36 50 67 77 90 107 118 124 141 147 163 180 191 197 204 220 237 247 260 269 283 299 309 323 339 350 356 373 379 395 412 423 429 436 452 469 479 492 501 515 531 541 555 571 582 588 605 611 627 644 655 661 668 684 701 711 724 733 747 763 773 787 803 814 820 837 843 859 876 887 893 900 916 933 943 956 965 979 995 1005 1019 1035 1046 1052 1069 1075 1091 1108 1119 1125 1132 1148 1165 1175 1188 1197 1211 1227 1237 1251 1267 1278 1284 1301 1307 1323 1340 1351 1357 1364 1380 1397 1407 1420 1429 1443 1459 1469 1483 1499 1510 1516 1533 1539 1555 1572 1583 1589 1596 1612 1629 1639 1652 1661 1675 1691 1701 1715 1731 1742 1748 1765 1771 1787 1804 1815 1821 1828 1844 1861 1871 1884 1893 1907 1923 1933 1947 1963 1974 1980 1997 2003 2019 2036 2047 2053 2060 2076 2093 2103 2116 
    path for in only #in_path=325 ==> 2124 2130 2138 2146 2154 2162 2170 2178 2186 2194 2202 2210 2218 2226 2234 2242 2250 2258 2266 2274 2282 2290 2298 2306 2314 2322 2330 2338 2349 2357 2365 2373 2381 2389 2397 2408 2416 2424 2432 2440 2448 2456 2464 2472 2480 2488 2496 2504 2512 2524 2532 2540 2541 2549 2557 2566 2573 2585 2592 2593 2607 2614 2620 2628 2640 2641 2653 2662 2669 2676 2689 2696 2697 2711 2718 2724 2732 2744 2745 2757 2766 2773 2780 2793 2800 2801 2815 2822 2828 2836 2848 2849 2861 2870 2877 2884 2897 2904 2905 2919 2926 2932 2940 2952 2953 2965 2974 2981 2988 3001 3008 3009 3023 3030 3036 3044 3056 3057 3069 3078 3085 3092 3105 3112 3113 3127 3134 3140 3148 3160 3161 3173 3182 3189 3196 3209 3216 3217 3231 3238 3244 3252 3264 3265 3277 3286 3293 3300 3313 3320 3321 3335 3342 3348 3356 3368 3369 3381 3390 3397 3404 3417 3424 3425 3439 3446 3452 3460 3472 3473 3485 3494 3501 3512 3516 3522 3536 3537 3545 3556 3560 3572 3579 3590 3597 3606 3613 3622 3629 3638 3645 3654 3661 3670 3677 3686 3693 3702 3709 3718 3725 3734 3741 3750 3757 3766 3773 3782 3789 3798 3805 3814 3821 3830 3837 3846 3853 3862 3869 3878 3885 3894 3901 3910 3917 3926 3933 3942 3949 3958 3965 3974 3981 3990 3997 4006 4013 4022 4029 4038 4045 4054 4061 4070 4077 4086 4093 4102 4109 4118 4125 4134 4141 4150 4157 4166 4173 4182 4189 4198 4205 4214 4221 4230 4237 4246 4253 4262 4269 4278 4285 4294 4301 4310 4317 4326 4333 4342 4349 4358 4365 4374 4381 4390 4397 4406 4413 4422 4429 4438 4446 4455 4462 4471 4478 4487 4494 4503 4510 4519 4526 4535 4542 4551 4558 4567 4574 4583 4590 4599 4606 4615 4622 4631 4638 4647 4654 4663 4670 4679 4686 4695 4702 4712 4718 
NodeIndex: 12(6) wavelength=2 pred=10(4) pred_arc=15(6) n_arc=0 org_n_arc=0 : 
    path for out only #out_path=0 ==> 
    path for trans only #trans_path=0 ==> 
    path for in only #in_path=265 ==> 8 14 20 31 36 45 50 62 67 77 85 90 102 107 118 124 134 141 147 158 163 174 180 191 197 204 214 220 230 237 247 254 260 269 277 283 294 299 309 317 323 334 339 350 356 366 373 379 390 395 406 412 423 429 436 446 452 462 469 479 486 492 501 509 515 526 531 541 549 555 566 571 582 588 598 605 611 622 627 638 644 655 661 668 678 684 694 701 711 718 724 733 741 747 758 763 773 781 787 798 803 814 820 830 837 843 854 859 870 876 887 893 900 910 916 926 933 943 950 956 965 973 979 990 995 1005 1013 1019 1030 1035 1046 1052 1062 1069 1075 1086 1091 1102 1108 1119 1125 1132 1142 1148 1158 1165 1175 1182 1188 1197 1205 1211 1222 1227 1237 1245 1251 1262 1267 1278 1284 1294 1301 1307 1318 1323 1334 1340 1351 1357 1364 1374 1380 1390 1397 1407 1414 1420 1429 1437 1443 1454 1459 1469 1477 1483 1494 1499 1510 1516 1526 1533 1539 1550 1555 1566 1572 1583 1589 1596 1606 1612 1622 1629 1639 1646 1652 1661 1669 1675 1686 1691 1701 1709 1715 1726 1731 1742 1748 1758 1765 1771 1782 1787 1798 1804 1815 1821 1828 1838 1844 1854 1861 1871 1878 1884 1893 1901 1907 1918 1923 1933 1941 1947 1958 1963 1974 1980 1990 1997 2003 2014 2019 2030 2036 2047 2053 2060 2070 2076 2086 2093 2103 2110 2116 
NodeIndex: 13(1) wavelength=3 pred=49(0) pred_arc=76(76) n_arc=2 org_n_arc=2 : 
    path for out only #out_path=556 ==> 4 11 24 25 34 41 49 57 65 79 81 89 97 105 113 121 129 143 145 153 161 169 183 185 199 201 209 217 225 239 241 249 257 271 273 281 289 297 311 313 321 329 337 345 353 361 375 377 385 393 401 415 417 431 433 441 449 457 471 473 481 489 503 505 513 521 529 543 545 553 561 569 577 585 593 607 609 617 625 633 647 649 663 665 673 681 689 703 705 713 721 735 737 745 753 761 775 777 785 793 801 809 817 825 839 841 849 857 865 879 881 895 897 905 913 921 935 937 945 953 967 969 977 985 993 1007 1009 1017 1025 1033 1041 1049 1057 1071 1073 1081 1089 1097 1111 1113 1127 1129 1137 1145 1153 1167 1169 1177 1185 1199 1201 1209 1217 1225 1239 1241 1249 1257 1265 1273 1281 1289 1303 1305 1313 1321 1329 1343 1345 1359 1361 1369 1377 1385 1399 1401 1409 1417 1431 1433 1441 1449 1457 1471 1473 1481 1489 1497 1505 1513 1521 1535 1537 1545 1553 1561 1575 1577 1591 1593 1601 1609 1617 1631 1633 1641 1649 1663 1665 1673 1681 1689 1703 1705 1713 1721 1729 1737 1745 1753 1767 1769 1777 1785 1793 1807 1809 1823 1825 1833 1841 1849 1863 1865 1873 1881 1895 1897 1905 1913 1921 1935 1937 1945 1953 1961 1969 1977 1985 1999 2001 2009 2017 2025 2039 2041 2055 2057 2065 2073 2081 2095 2097 2105 2113 2406 2414 2422 2430 2438 2446 2454 2462 2470 2478 2486 2494 2502 2510 2521 2529 2537 2547 2553 2559 2570 2575 2589 2597 2601 2611 2616 2622 2632 2645 2651 2657 2664 2673 2678 2693 2701 2705 2715 2720 2726 2736 2749 2755 2761 2768 2777 2782 2797 2805 2809 2819 2824 2830 2840 2853 2859 2865 2872 2881 2886 2901 2909 2913 2923 2928 2934 2944 2957 2963 2969 2976 2985 2990 3005 3013 3017 3027 3032 3038 3048 3061 3067 3073 3080 3089 3094 3109 3117 3121 3131 3136 3142 3152 3165 3171 3177 3184 3193 3198 3213 3221 3225 3235 3240 3246 3256 3269 3275 3281 3288 3297 3302 3317 3325 3329 3339 3344 3350 3360 3373 3379 3385 3392 3401 3406 3421 3429 3433 3443 3448 3454 3464 3477 3483 3489 3496 3506 3511 3527 3529 3533 3550 3553 3565 3570 3584 3587 3593 3603 3609 3619 3625 3635 3641 3651 3657 3667 3673 3683 3689 3699 3705 3715 3721 3731 3737 3747 3753 3763 3769 3779 3785 3795 3801 3811 3817 3827 3833 3843 3849 3859 3865 3875 3881 3891 3897 3907 3913 3923 3929 3939 3945 3955 3961 3971 3977 3987 3993 4003 4009 4019 4025 4035 4041 4051 4057 4067 4073 4083 4089 4099 4105 4115 4121 4131 4137 4147 4153 4163 4169 4179 4185 4195 4201 4211 4217 4227 4233 4243 4249 4259 4265 4275 4281 4291 4297 4307 4313 4323 4329 4339 4345 4355 4361 4371 4377 4387 4393 4403 4409 4419 4425 4435 4442 4449 4452 4465 4468 4481 4484 4497 4500 4513 4516 4529 4532 4545 4548 4561 4564 4577 4580 4593 4596 4609 4612 4625 4628 4641 4644 4657 4660 4673 4676 4689 4692 4705 4708 4721 4724 
    path for trans only #trans_path=0 ==> 
    path for in only #in_path=0 ==> 
NodeIndex: 14(2) wavelength=3 pred=13(1) pred_arc=18(0) n_arc=3 org_n_arc=3 : 
    path for out only #out_path=36 ==> 2128 2135 2143 2151 2159 2167 2175 2183 2191 2199 2207 2215 2223 2231 2239 2247 2255 2263 2271 2279 2287 2295 2303 2311 2319 2327 2335 2343 2348 2356 2364 2372 2380 2388 2396 2404 
    path for trans only #trans_path=307 ==> 4 24 34 41 57 79 81 97 113 129 143 153 169 183 199 209 225 239 249 271 273 289 311 313 329 345 361 375 385 401 415 431 441 457 471 481 503 505 521 543 545 561 577 593 607 617 633 647 663 673 689 703 713 735 737 753 775 777 793 809 825 839 849 865 879 895 905 921 935 945 967 969 985 1007 1009 1025 1041 1057 1071 1081 1097 1111 1127 1137 1153 1167 1177 1199 1201 1217 1239 1241 1257 1273 1289 1303 1313 1329 1343 1359 1369 1385 1399 1409 1431 1433 1449 1471 1473 1489 1505 1521 1535 1545 1561 1575 1591 1601 1617 1631 1641 1663 1665 1681 1703 1705 1721 1737 1753 1767 1777 1793 1807 1823 1833 1849 1863 1873 1895 1897 1913 1935 1937 1953 1969 1985 1999 2009 2025 2039 2055 2065 2081 2095 2105 2553 2559 2575 2597 2601 2616 2622 2645 2657 2664 2678 2701 2705 2720 2726 2749 2761 2768 2782 2805 2809 2824 2830 2853 2865 2872 2886 2909 2913 2928 2934 2957 2969 2976 2990 3013 3017 3032 3038 3061 3073 3080 3094 3117 3121 3136 3142 3165 3177 3184 3198 3221 3225 3240 3246 3269 3281 3288 3302 3325 3329 3344 3350 3373 3385 3392 3406 3429 3433 3448 3454 3477 3489 3496 3511 3529 3533 3550 3565 3584 3593 3609 3625 3641 3657 3673 3689 3705 3721 3737 3753 3769 3785 3801 3817 3833 3849 3865 3881 3897 3913 3929 3945 3961 3977 3993 4009 4025 4041 4057 4073 4089 4105 4121 4137 4153 4169 4185 4201 4217 4233 4249 4265 4281 4297 4313 4329 4345 4361 4377 4393 4409 4425 4442 4449 4465 4481 4497 4513 4529 4545 4561 4577 4593 4609 4625 4641 4657 4673 4689 4705 4721 
    path for in only #in_path=0 ==> 
NodeIndex: 15(3) wavelength=3 pred=13(1) pred_arc=19(1) n_arc=1 org_n_arc=1 : 
    path for out only #out_path=0 ==> 
    path for trans only #trans_path=250 ==> 11 25 49 65 89 105 121 145 161 185 201 217 241 257 281 297 321 337 353 377 393 417 433 449 473 489 513 529 553 569 585 609 625 649 665 681 705 721 745 761 785 801 817 841 857 881 897 913 937 953 977 993 1017 1033 1049 1073 1089 1113 1129 1145 1169 1185 1209 1225 1249 1265 1281 1305 1321 1345 1361 1377 1401 1417 1441 1457 1481 1497 1513 1537 1553 1577 1593 1609 1633 1649 1673 1689 1713 1729 1745 1769 1785 1809 1825 1841 1865 1881 1905 1921 1945 1961 1977 2001 2017 2041 2057 2073 2097 2113 2406 2414 2422 2430 2438 2446 2454 2462 2470 2478 2486 2494 2502 2510 2521 2529 2537 2547 2570 2589 2611 2632 2651 2673 2693 2715 2736 2755 2777 2797 2819 2840 2859 2881 2901 2923 2944 2963 2985 3005 3027 3048 3067 3089 3109 3131 3152 3171 3193 3213 3235 3256 3275 3297 3317 3339 3360 3379 3401 3421 3443 3464 3483 3506 3527 3533 3553 3570 3587 3603 3619 3635 3651 3667 3683 3699 3715 3731 3747 3763 3779 3795 3811 3827 3843 3859 3875 3891 3907 3923 3939 3955 3971 3987 4003 4019 4035 4051 4067 4083 4099 4115 4131 4147 4163 4179 4195 4211 4227 4243 4259 4275 4291 4307 4323 4339 4355 4371 4387 4403 4419 4435 4452 4468 4484 4500 4516 4532 4548 4564 4580 4596 4612 4628 4644 4660 4676 4692 4708 4724 
    path for in only #in_path=0 ==> 
NodeIndex: 16(4) wavelength=3 pred=14(2) pred_arc=21(3) n_arc=1 org_n_arc=1 : 
    path for out only #out_path=0 ==> 
    path for trans only #trans_path=119 ==> 11 24 41 57 81 97 113 129 153 169 185 209 225 241 249 273 289 313 329 345 361 385 401 417 441 457 473 481 505 521 545 561 577 593 617 633 649 673 689 705 713 737 753 777 793 809 825 849 865 881 905 921 937 945 969 985 1009 1025 1041 1057 1081 1097 1113 1137 1153 1169 1177 1201 1217 1241 1257 1273 1289 1313 1329 1345 1369 1385 1401 1409 1433 1449 1473 1489 1505 1521 1545 1561 1577 1601 1617 1633 1641 1665 1681 1705 1721 1737 1753 1777 1793 1809 1833 1849 1865 1873 1897 1913 1937 1953 1969 1985 2009 2025 2041 2065 2081 2097 2105 
    path for in only #in_path=0 ==> 
NodeIndex: 17(5) wavelength=3 pred=14(2) pred_arc=22(4) n_arc=3 org_n_arc=2 : 
    path for out only #out_path=0 ==> 
    path for trans only #trans_path=174 ==> 4 11 25 34 49 65 79 89 105 113 121 143 145 161 183 185 199 201 217 239 241 257 271 281 297 311 321 337 345 353 375 377 393 415 417 431 433 449 471 473 489 503 513 529 543 553 569 577 585 607 609 625 647 649 663 665 681 703 705 721 735 745 761 775 785 801 809 817 839 841 857 879 881 895 897 913 935 937 953 967 977 993 1007 1017 1033 1041 1049 1071 1073 1089 1111 1113 1127 1129 1145 1167 1169 1185 1199 1209 1225 1239 1249 1265 1273 1281 1303 1305 1321 1343 1345 1359 1361 1377 1399 1401 1417 1431 1441 1457 1471 1481 1497 1505 1513 1535 1537 1553 1575 1577 1591 1593 1609 1631 1633 1649 1663 1673 1689 1703 1713 1729 1737 1745 1767 1769 1785 1807 1809 1823 1825 1841 1863 1865 1881 1895 1905 1921 1935 1945 1961 1969 1977 1999 2001 2017 2039 2041 2055 2057 2073 2095 2097 2113 
    path for in only #in_path=327 ==> 2128 2135 2143 2151 2159 2167 2175 2183 2191 2199 2207 2215 2223 2231 2239 2247 2255 2263 2271 2279 2287 2295 2303 2311 2319 2327 2335 2343 2348 2356 2364 2372 2380 2388 2396 2404 2406 2414 2422 2430 2438 2446 2454 2462 2470 2478 2486 2494 2502 2510 2521 2529 2537 2547 2553 2559 2570 2575 2589 2597 2601 2611 2616 2622 2632 2645 2651 2657 2664 2673 2678 2693 2701 2705 2715 2720 2726 2736 2749 2755 2761 2768 2777 2782 2797 2805 2809 2819 2824 2830 2840 2853 2859 2865 2872 2881 2886 2901 2909 2913 2923 2928 2934 2944 2957 2963 2969 2976 2985 2990 3005 3013 3017 3027 3032 3038 3048 3061 3067 3073 3080 3089 3094 3109 3117 3121 3131 3136 3142 3152 3165 3171 3177 3184 3193 3198 3213 3221 3225 3235 3240 3246 3256 3269 3275 3281 3288 3297 3302 3317 3325 3329 3339 3344 3350 3360 3373 3379 3385 3392 3401 3406 3421 3429 3433 3443 3448 3454 3464 3477 3483 3489 3496 3506 3511 3527 3529 3533 3550 3553 3565 3570 3584 3587 3593 3603 3609 3619 3625 3635 3641 3651 3657 3667 3673 3683 3689 3699 3705 3715 3721 3731 3737 3747 3753 3763 3769 3779 3785 3795 3801 3811 3817 3827 3833 3843 3849 3859 3865 3875 3881 3891 3897 3907 3913 3923 3929 3939 3945 3955 3961 3971 3977 3987 3993 4003 4009 4019 4025 4035 4041 4051 4057 4067 4073 4083 4089 4099 4105 4115 4121 4131 4137 4147 4153 4163 4169 4179 4185 4195 4201 4211 4217 4227 4233 4243 4249 4259 4265 4275 4281 4291 4297 4307 4313 4323 4329 4339 4345 4355 4361 4371 4377 4387 4393 4403 4409 4419 4425 4435 4442 4449 4452 4465 4468 4481 4484 4497 4500 4513 4516 4529 4532 4545 4548 4561 4564 4577 4580 4593 4596 4609 4612 4625 4628 4641 4644 4657 4660 4673 4676 4689 4692 4705 4708 4721 4724 
NodeIndex: 18(6) wavelength=3 pred=16(4) pred_arc=24(6) n_arc=0 org_n_arc=0 : 
    path for out only #out_path=0 ==> 
    path for trans only #trans_path=0 ==> 
    path for in only #in_path=265 ==> 4 11 24 25 34 41 49 57 65 79 81 89 97 105 113 121 129 143 145 153 161 169 183 185 199 201 209 217 225 239 241 249 257 271 273 281 289 297 311 313 321 329 337 345 353 361 375 377 385 393 401 415 417 431 433 441 449 457 471 473 481 489 503 505 513 521 529 543 545 553 561 569 577 585 593 607 609 617 625 633 647 649 663 665 673 681 689 703 705 713 721 735 737 745 753 761 775 777 785 793 801 809 817 825 839 841 849 857 865 879 881 895 897 905 913 921 935 937 945 953 967 969 977 985 993 1007 1009 1017 1025 1033 1041 1049 1057 1071 1073 1081 1089 1097 1111 1113 1127 1129 1137 1145 1153 1167 1169 1177 1185 1199 1201 1209 1217 1225 1239 1241 1249 1257 1265 1273 1281 1289 1303 1305 1313 1321 1329 1343 1345 1359 1361 1369 1377 1385 1399 1401 1409 1417 1431 1433 1441 1449 1457 1471 1473 1481 1489 1497 1505 1513 1521 1535 1537 1545 1553 1561 1575 1577 1591 1593 1601 1609 1617 1631 1633 1641 1649 1663 1665 1673 1681 1689 1703 1705 1713 1721 1729 1737 1745 1753 1767 1769 1777 1785 1793 1807 1809 1823 1825 1833 1841 1849 1863 1865 1873 1881 1895 1897 1905 1913 1921 1935 1937 1945 1953 1961 1969 1977 1985 1999 2001 2009 2017 2025 2039 2041 2055 2057 2065 2073 2081 2095 2097 2105 2113 
NodeIndex: 19(1) wavelength=4 pred=49(0) pred_arc=78(78) n_arc=2 org_n_arc=2 : 
    path for out only #out_path=555 ==> 7 9 22 29 40 48 53 59 68 75 88 93 99 108 114 127 131 139 148 155 164 171 181 189 195 207 211 223 227 235 245 251 263 267 280 284 291 300 307 320 324 331 340 346 359 363 371 380 387 396 403 413 421 427 439 443 455 459 467 477 483 495 499 512 516 523 532 539 552 556 563 572 578 591 595 603 612 619 628 635 645 653 659 671 675 687 691 699 709 715 727 731 744 748 755 764 771 784 788 795 804 810 823 827 835 844 851 860 867 877 885 891 903 907 919 923 931 941 947 959 963 976 980 987 996 1003 1016 1020 1027 1036 1042 1055 1059 1067 1076 1083 1092 1099 1109 1117 1123 1135 1139 1151 1155 1163 1173 1179 1191 1195 1208 1212 1219 1228 1235 1248 1252 1259 1268 1274 1287 1291 1299 1308 1315 1324 1331 1341 1349 1355 1367 1371 1383 1387 1395 1405 1411 1423 1427 1440 1444 1451 1460 1467 1480 1484 1491 1500 1506 1519 1523 1531 1540 1547 1556 1563 1573 1581 1587 1599 1603 1615 1619 1627 1637 1643 1655 1659 1672 1676 1683 1692 1699 1712 1716 1723 1732 1738 1751 1755 1763 1772 1779 1788 1795 1805 1813 1819 1831 1835 1847 1851 1859 1869 1875 1887 1891 1904 1908 1915 1924 1931 1944 1948 1955 1964 1970 1983 1987 1995 2004 2011 2020 2027 2037 2045 2051 2063 2067 2079 2083 2091 2101 2107 2119 2123 2405 2413 2421 2429 2437 2445 2453 2461 2469 2477 2485 2493 2501 2509 2518 2526 2534 2544 2558 2567 2574 2586 2594 2595 2608 2615 2621 2629 2642 2643 2648 2663 2670 2677 2690 2698 2699 2712 2719 2725 2733 2746 2747 2752 2767 2774 2781 2794 2802 2803 2816 2823 2829 2837 2850 2851 2856 2871 2878 2885 2898 2906 2907 2920 2927 2933 2941 2954 2955 2960 2975 2982 2989 3002 3010 3011 3024 3031 3037 3045 3058 3059 3064 3079 3086 3093 3106 3114 3115 3128 3135 3141 3149 3162 3163 3168 3183 3190 3197 3210 3218 3219 3232 3239 3245 3253 3266 3267 3272 3287 3294 3301 3314 3322 3323 3336 3343 3349 3357 3370 3371 3376 3391 3398 3405 3418 3426 3427 3440 3447 3453 3461 3474 3475 3480 3495 3502 3510 3517 3523 3538 3539 3546 3557 3563 3573 3582 3591 3596 3607 3612 3623 3628 3639 3644 3655 3660 3671 3676 3687 3692 3703 3708 3719 3724 3735 3740 3751 3756 3767 3772 3783 3788 3799 3804 3815 3820 3831 3836 3847 3852 3863 3868 3879 3884 3895 3900 3911 3916 3927 3932 3943 3948 3959 3964 3975 3980 3991 3996 4007 4012 4023 4028 4039 4044 4055 4060 4071 4076 4087 4092 4103 4108 4119 4124 4135 4140 4151 4156 4167 4172 4183 4188 4199 4204 4215 4220 4231 4236 4247 4252 4263 4268 4279 4284 4295 4300 4311 4316 4327 4332 4343 4348 4359 4364 4375 4380 4391 4396 4407 4412 4423 4428 4439 4444 4456 4460 4472 4476 4488 4492 4504 4508 4520 4524 4536 4540 4552 4556 4568 4572 4584 4588 4600 4604 4616 4620 4632 4636 4648 4652 4664 4668 4680 4684 4696 4700 4713 4716 
    path for trans only #trans_path=0 ==> 
    path for in only #in_path=0 ==> 
NodeIndex: 20(2) wavelength=4 pred=19(1) pred_arc=27(0) n_arc=3 org_n_arc=3 : 
    path for out only #out_path=35 ==> 2132 2140 2148 2156 2164 2172 2180 2188 2196 2204 2212 2220 2228 2236 2244 2252 2260 2268 2276 2284 2292 2300 2308 2316 2324 2332 2340 2346 2354 2362 2370 2378 2386 2394 2402 
    path for trans only #trans_path=306 ==> 7 22 40 48 59 75 88 99 114 131 139 155 171 181 195 211 227 235 251 267 280 291 307 320 331 346 363 371 387 403 413 427 443 459 467 483 499 512 523 539 552 563 578 595 603 619 635 645 659 675 691 699 715 731 744 755 771 784 795 810 827 835 851 867 877 891 907 923 931 947 963 976 987 1003 1016 1027 1042 1059 1067 1083 1099 1109 1123 1139 1155 1163 1179 1195 1208 1219 1235 1248 1259 1274 1291 1299 1315 1331 1341 1355 1371 1387 1395 1411 1427 1440 1451 1467 1480 1491 1506 1523 1531 1547 1563 1573 1587 1603 1619 1627 1643 1659 1672 1683 1699 1712 1723 1738 1755 1763 1779 1795 1805 1819 1835 1851 1859 1875 1891 1904 1915 1931 1944 1955 1970 1987 1995 2011 2027 2037 2051 2067 2083 2091 2107 2123 2558 2574 2594 2595 2615 2621 2642 2643 2663 2677 2698 2699 2719 2725 2746 2747 2767 2781 2802 2803 2823 2829 2850 2851 2871 2885 2906 2907 2927 2933 2954 2955 2975 2989 3010 3011 3031 3037 3058 3059 3079 3093 3114 3115 3135 3141 3162 3163 3183 3197 3218 3219 3239 3245 3266 3267 3287 3301 3322 3323 3343 3349 3370 3371 3391 3405 3426 3427 3447 3453 3474 3475 3495 3510 3517 3538 3539 3557 3573 3591 3607 3623 3639 3655 3671 3687 3703 3719 3735 3751 3767 3783 3799 3815 3831 3847 3863 3879 3895 3911 3927 3943 3959 3975 3991 4007 4023 4039 4055 4071 4087 4103 4119 4135 4151 4167 4183 4199 4215 4231 4247 4263 4279 4295 4311 4327 4343 4359 4375 4391 4407 4423 4439 4456 4472 4488 4504 4520 4536 4552 4568 4584 4600 4616 4632 4648 4664 4680 4696 4713 
    path for in only #in_path=0 ==> 
NodeIndex: 21(3) wavelength=4 pred=19(1) pred_arc=28(1) n_arc=1 org_n_arc=1 : 
    path for out only #out_path=0 ==> 
    path for trans only #trans_path=249 ==> 9 29 53 68 93 108 127 148 164 189 207 223 245 263 284 300 324 340 359 380 396 421 439 455 477 495 516 532 556 572 591 612 628 653 671 687 709 727 748 764 788 804 823 844 860 885 903 919 941 959 980 996 1020 1036 1055 1076 1092 1117 1135 1151 1173 1191 1212 1228 1252 1268 1287 1308 1324 1349 1367 1383 1405 1423 1444 1460 1484 1500 1519 1540 1556 1581 1599 1615 1637 1655 1676 1692 1716 1732 1751 1772 1788 1813 1831 1847 1869 1887 1908 1924 1948 1964 1983 2004 2020 2045 2063 2079 2101 2119 2405 2413 2421 2429 2437 2445 2453 2461 2469 2477 2485 2493 2501 2509 2518 2526 2534 2544 2567 2586 2608 2629 2648 2670 2690 2712 2733 2752 2774 2794 2816 2837 2856 2878 2898 2920 2941 2960 2982 3002 3024 3045 3064 3086 3106 3128 3149 3168 3190 3210 3232 3253 3272 3294 3314 3336 3357 3376 3398 3418 3440 3461 3480 3502 3523 3546 3563 3582 3596 3612 3628 3644 3660 3676 3692 3708 3724 3740 3756 3772 3788 3804 3820 3836 3852 3868 3884 3900 3916 3932 3948 3964 3980 3996 4012 4028 4044 4060 4076 4092 4108 4124 4140 4156 4172 4188 4204 4220 4236 4252 4268 4284 4300 4316 4332 4348 4364 4380 4396 4412 4428 4444 4460 4476 4492 4508 4524 4540 4556 4572 4588 4604 4620 4636 4652 4668 4684 4700 4716 
    path for in only #in_path=0 ==> 
NodeIndex: 22(4) wavelength=4 pred=20(2) pred_arc=30(3) n_arc=1 org_n_arc=1 : 
    path for out only #out_path=0 ==> 
    path for trans only #trans_path=119 ==> 9 22 48 59 88 99 114 131 155 171 189 211 227 245 251 280 291 320 331 346 363 387 403 421 443 459 477 483 512 523 552 563 578 595 619 635 653 675 691 709 715 744 755 784 795 810 827 851 867 885 907 923 941 947 976 987 1016 1027 1042 1059 1083 1099 1117 1139 1155 1173 1179 1208 1219 1248 1259 1274 1291 1315 1331 1349 1371 1387 1405 1411 1440 1451 1480 1491 1506 1523 1547 1563 1581 1603 1619 1637 1643 1672 1683 1712 1723 1738 1755 1779 1795 1813 1835 1851 1869 1875 1904 1915 1944 1955 1970 1987 2011 2027 2045 2067 2083 2101 2107 
    path for in only #in_path=0 ==> 
NodeIndex: 23(5) wavelength=4 pred=20(2) pred_arc=31(4) n_arc=3 org_n_arc=2 : 
    path for out only #out_path=0 ==> 
    path for trans only #trans_path=175 ==> 7 9 29 40 53 68 75 93 108 114 127 139 148 164 181 189 195 207 223 235 245 263 267 284 300 307 324 340 346 359 371 380 396 413 421 427 439 455 467 477 495 499 516 532 539 556 572 578 591 603 612 628 645 653 659 671 687 699 709 727 731 748 764 771 788 804 810 823 835 844 860 877 885 891 903 919 931 941 959 963 980 996 1003 1020 1036 1042 1055 1067 1076 1092 1109 1117 1123 1135 1151 1163 1173 1191 1195 1212 1228 1235 1252 1268 1274 1287 1299 1308 1324 1341 1349 1355 1367 1383 1395 1405 1423 1427 1444 1460 1467 1484 1500 1506 1519 1531 1540 1556 1573 1581 1587 1599 1615 1627 1637 1655 1659 1676 1692 1699 1716 1732 1738 1751 1763 1772 1788 1805 1813 1819 1831 1847 1859 1869 1887 1891 1908 1924 1931 1948 1964 1970 1983 1995 2004 2020 2037 2045 2051 2063 2079 2091 2101 2119 2123 
    path for in only #in_path=324 ==> 2132 2140 2148 2156 2164 2172 2180 2188 2196 2204 2212 2220 2228 2236 2244 2252 2260 2268 2276 2284 2292 2300 2308 2316 2324 2332 2340 2346 2354 2362 2370 2378 2386 2394 2402 2405 2413 2421 2429 2437 2445 2453 2461 2469 2477 2485 2493 2501 2509 2518 2526 2534 2544 2558 2567 2574 2586 2594 2595 2608 2615 2621 2629 2642 2643 2648 2663 2670 2677 2690 2698 2699 2712 2719 2725 2733 2746 2747 2752 2767 2774 2781 2794 2802 2803 2816 2823 2829 2837 2850 2851 2856 2871 2878 2885 2898 2906 2907 2920 2927 2933 2941 2954 2955 2960 2975 2982 2989 3002 3010 3011 3024 3031 3037 3045 3058 3059 3064 3079 3086 3093 3106 3114 3115 3128 3135 3141 3149 3162 3163 3168 3183 3190 3197 3210 3218 3219 3232 3239 3245 3253 3266 3267 3272 3287 3294 3301 3314 3322 3323 3336 3343 3349 3357 3370 3371 3376 3391 3398 3405 3418 3426 3427 3440 3447 3453 3461 3474 3475 3480 3495 3502 3510 3517 3523 3538 3539 3546 3557 3563 3573 3582 3591 3596 3607 3612 3623 3628 3639 3644 3655 3660 3671 3676 3687 3692 3703 3708 3719 3724 3735 3740 3751 3756 3767 3772 3783 3788 3799 3804 3815 3820 3831 3836 3847 3852 3863 3868 3879 3884 3895 3900 3911 3916 3927 3932 3943 3948 3959 3964 3975 3980 3991 3996 4007 4012 4023 4028 4039 4044 4055 4060 4071 4076 4087 4092 4103 4108 4119 4124 4135 4140 4151 4156 4167 4172 4183 4188 4199 4204 4215 4220 4231 4236 4247 4252 4263 4268 4279 4284 4295 4300 4311 4316 4327 4332 4343 4348 4359 4364 4375 4380 4391 4396 4407 4412 4423 4428 4439 4444 4456 4460 4472 4476 4488 4492 4504 4508 4520 4524 4536 4540 4552 4556 4568 4572 4584 4588 4600 4604 4616 4620 4632 4636 4648 4652 4664 4668 4680 4684 4696 4700 4713 4716 
NodeIndex: 24(6) wavelength=4 pred=22(4) pred_arc=33(6) n_arc=0 org_n_arc=0 : 
    path for out only #out_path=0 ==> 
    path for trans only #trans_path=0 ==> 
    path for in only #in_path=266 ==> 7 9 22 29 40 48 53 59 68 75 88 93 99 108 114 127 131 139 148 155 164 171 181 189 195 207 211 223 227 235 245 251 263 267 280 284 291 300 307 320 324 331 340 346 359 363 371 380 387 396 403 413 421 427 439 443 455 459 467 477 483 495 499 512 516 523 532 539 552 556 563 572 578 591 595 603 612 619 628 635 645 653 659 671 675 687 691 699 709 715 727 731 744 748 755 764 771 784 788 795 804 810 823 827 835 844 851 860 867 877 885 891 903 907 919 923 931 941 947 959 963 976 980 987 996 1003 1016 1020 1027 1036 1042 1055 1059 1067 1076 1083 1092 1099 1109 1117 1123 1135 1139 1151 1155 1163 1173 1179 1191 1195 1208 1212 1219 1228 1235 1248 1252 1259 1268 1274 1287 1291 1299 1308 1315 1324 1331 1341 1349 1355 1367 1371 1383 1387 1395 1405 1411 1423 1427 1440 1444 1451 1460 1467 1480 1484 1491 1500 1506 1519 1523 1531 1540 1547 1556 1563 1573 1581 1587 1599 1603 1615 1619 1627 1637 1643 1655 1659 1672 1676 1683 1692 1699 1712 1716 1723 1732 1738 1751 1755 1763 1772 1779 1788 1795 1805 1813 1819 1831 1835 1847 1851 1859 1869 1875 1887 1891 1904 1908 1915 1924 1931 1944 1948 1955 1964 1970 1983 1987 1995 2004 2011 2020 2027 2037 2045 2051 2063 2067 2079 2083 2091 2101 2107 2119 2123 
NodeIndex: 25(1) wavelength=5 pred=49(0) pred_arc=80(80) n_arc=2 org_n_arc=2 : 
    path for out only #out_path=555 ==> 6 10 23 32 37 42 51 64 69 80 82 91 104 109 120 126 136 144 149 160 165 176 184 188 200 206 216 222 232 240 244 256 262 272 274 285 296 301 312 314 325 336 341 352 358 368 376 381 392 397 408 416 420 432 438 448 454 464 472 476 488 494 504 506 517 528 533 544 546 557 568 573 584 590 600 608 613 624 629 640 648 652 664 670 680 686 696 704 708 720 726 736 738 749 760 765 776 778 789 800 805 816 822 832 840 845 856 861 872 880 884 896 902 912 918 928 936 940 952 958 968 970 981 992 997 1008 1010 1021 1032 1037 1048 1054 1064 1072 1077 1088 1093 1104 1112 1116 1128 1134 1144 1150 1160 1168 1172 1184 1190 1200 1202 1213 1224 1229 1240 1242 1253 1264 1269 1280 1286 1296 1304 1309 1320 1325 1336 1344 1348 1360 1366 1376 1382 1392 1400 1404 1416 1422 1432 1434 1445 1456 1461 1472 1474 1485 1496 1501 1512 1518 1528 1536 1541 1552 1557 1568 1576 1580 1592 1598 1608 1614 1624 1632 1636 1648 1654 1664 1666 1677 1688 1693 1704 1706 1717 1728 1733 1744 1750 1760 1768 1773 1784 1789 1800 1808 1812 1824 1830 1840 1846 1856 1864 1868 1880 1886 1896 1898 1909 1920 1925 1936 1938 1949 1960 1965 1976 1982 1992 2000 2005 2016 2021 2032 2040 2044 2056 2062 2072 2078 2088 2096 2100 2112 2118 2409 2417 2425 2433 2441 2449 2457 2465 2473 2481 2489 2497 2505 2513 2519 2527 2535 2542 2545 2560 2561 2568 2579 2587 2602 2603 2609 2623 2630 2635 2649 2658 2659 2671 2679 2683 2691 2706 2707 2713 2727 2734 2739 2753 2762 2763 2775 2783 2787 2795 2810 2811 2817 2831 2838 2843 2857 2866 2867 2879 2887 2891 2899 2914 2915 2921 2935 2942 2947 2961 2970 2971 2983 2991 2995 3003 3018 3019 3025 3039 3046 3051 3065 3074 3075 3087 3095 3099 3107 3122 3123 3129 3143 3150 3155 3169 3178 3179 3191 3199 3203 3211 3226 3227 3233 3247 3254 3259 3273 3282 3283 3295 3303 3307 3315 3330 3331 3337 3351 3358 3363 3377 3386 3387 3399 3407 3411 3419 3434 3435 3441 3455 3462 3467 3481 3490 3491 3503 3513 3518 3524 3540 3541 3547 3558 3562 3574 3581 3592 3599 3608 3615 3624 3631 3640 3647 3656 3663 3672 3679 3688 3695 3704 3711 3720 3727 3736 3743 3752 3759 3768 3775 3784 3791 3800 3807 3816 3823 3832 3839 3848 3855 3864 3871 3880 3887 3896 3903 3912 3919 3928 3935 3944 3951 3960 3967 3976 3983 3992 3999 4008 4015 4024 4031 4040 4047 4056 4063 4072 4079 4088 4095 4104 4111 4120 4127 4136 4143 4152 4159 4168 4175 4184 4191 4200 4207 4216 4223 4232 4239 4248 4255 4264 4271 4280 4287 4296 4303 4312 4319 4328 4335 4344 4351 4360 4367 4376 4383 4392 4399 4408 4415 4424 4431 4440 4447 4457 4463 4473 4479 4489 4495 4505 4511 4521 4527 4537 4543 4553 4559 4569 4575 4585 4591 4601 4607 4617 4623 4633 4639 4649 4655 4665 4671 4681 4687 4697 4703 4711 4719 
    path for trans only #trans_path=0 ==> 
    path for in only #in_path=0 ==> 
NodeIndex: 26(2) wavelength=5 pred=25(1) pred_arc=36(0) n_arc=3 org_n_arc=3 : 
    path for out only #out_path=35 ==> 2126 2133 2141 2149 2157 2165 2173 2181 2189 2197 2205 2213 2221 2229 2237 2245 2253 2261 2269 2277 2285 2293 2301 2309 2317 2325 2333 2341 2350 2358 2366 2374 2382 2390 2398 
    path for trans only #trans_path=306 ==> 6 23 37 42 64 80 82 104 120 136 144 160 176 184 200 216 232 240 256 272 274 296 312 314 336 352 368 376 392 408 416 432 448 464 472 488 504 506 528 544 546 568 584 600 608 624 640 648 664 680 696 704 720 736 738 760 776 778 800 816 832 840 856 872 880 896 912 928 936 952 968 970 992 1008 1010 1032 1048 1064 1072 1088 1104 1112 1128 1144 1160 1168 1184 1200 1202 1224 1240 1242 1264 1280 1296 1304 1320 1336 1344 1360 1376 1392 1400 1416 1432 1434 1456 1472 1474 1496 1512 1528 1536 1552 1568 1576 1592 1608 1624 1632 1648 1664 1666 1688 1704 1706 1728 1744 1760 1768 1784 1800 1808 1824 1840 1856 1864 1880 1896 1898 1920 1936 1938 1960 1976 1992 2000 2016 2032 2040 2056 2072 2088 2096 2112 2542 2560 2561 2579 2602 2603 2623 2635 2658 2659 2679 2683 2706 2707 2727 2739 2762 2763 2783 2787 2810 2811 2831 2843 2866 2867 2887 2891 2914 2915 2935 2947 2970 2971 2991 2995 3018 3019 3039 3051 3074 3075 3095 3099 3122 3123 3143 3155 3178 3179 3199 3203 3226 3227 3247 3259 3282 3283 3303 3307 3330 3331 3351 3363 3386 3387 3407 3411 3434 3435 3455 3467 3490 3491 3513 3518 3540 3541 3558 3574 3592 3608 3624 3640 3656 3672 3688 3704 3720 3736 3752 3768 3784 3800 3816 3832 3848 3864 3880 3896 3912 3928 3944 3960 3976 3992 4008 4024 4040 4056 4072 4088 4104 4120 4136 4152 4168 4184 4200 4216 4232 4248 4264 4280 4296 4312 4328 4344 4360 4376 4392 4408 4424 4440 4457 4473 4489 4505 4521 4537 4553 4569 4585 4601 4617 4633 4649 4665 4681 4697 4711 
    path for in only #in_path=0 ==> 
NodeIndex: 27(3) wavelength=5 pred=25(1) pred_arc=37(1) n_arc=1 org_n_arc=1 : 
    path for out only #out_path=0 ==> 
    path for trans only #trans_path=249 ==> 10 32 51 69 91 109 126 149 165 188 206 222 244 262 285 301 325 341 358 381 397 420 438 454 476 494 517 533 557 573 590 613 629 652 670 686 708 726 749 765 789 805 822 845 861 884 902 918 940 958 981 997 1021 1037 1054 1077 1093 1116 1134 1150 1172 1190 1213 1229 1253 1269 1286 1309 1325 1348 1366 1382 1404 1422 1445 1461 1485 1501 1518 1541 1557 1580 1598 1614 1636 1654 1677 1693 1717 1733 1750 1773 1789 1812 1830 1846 1868 1886 1909 1925 1949 1965 1982 2005 2021 2044 2062 2078 2100 2118 2409 2417 2425 2433 2441 2449 2457 2465 2473 2481 2489 2497 2505 2513 2519 2527 2535 2545 2568 2587 2609 2630 2649 2671 2691 2713 2734 2753 2775 2795 2817 2838 2857 2879 2899 2921 2942 2961 2983 3003 3025 3046 3065 3087 3107 3129 3150 3169 3191 3211 3233 3254 3273 3295 3315 3337 3358 3377 3399 3419 3441 3462 3481 3503 3524 3547 3562 3581 3599 3615 3631 3647 3663 3679 3695 3711 3727 3743 3759 3775 3791 3807 3823 3839 3855 3871 3887 3903 3919 3935 3951 3967 3983 3999 4015 4031 4047 4063 4079 4095 4111 4127 4143 4159 4175 4191 4207 4223 4239 4255 4271 4287 4303 4319 4335 4351 4367 4383 4399 4415 4431 4447 4463 4479 4495 4511 4527 4543 4559 4575 4591 4607 4623 4639 4655 4671 4687 4703 4719 
    path for in only #in_path=0 ==> 
NodeIndex: 28(4) wavelength=5 pred=26(2) pred_arc=39(3) n_arc=1 org_n_arc=1 : 
    path for out only #out_path=0 ==> 
    path for trans only #trans_path=119 ==> 10 23 42 64 82 104 120 136 160 176 188 216 232 244 256 274 296 314 336 352 368 392 408 420 448 464 476 488 506 528 546 568 584 600 624 640 652 680 696 708 720 738 760 778 800 816 832 856 872 884 912 928 940 952 970 992 1010 1032 1048 1064 1088 1104 1116 1144 1160 1172 1184 1202 1224 1242 1264 1280 1296 1320 1336 1348 1376 1392 1404 1416 1434 1456 1474 1496 1512 1528 1552 1568 1580 1608 1624 1636 1648 1666 1688 1706 1728 1744 1760 1784 1800 1812 1840 1856 1868 1880 1898 1920 1938 1960 1976 1992 2016 2032 2044 2072 2088 2100 2112 
    path for in only #in_path=0 ==> 
NodeIndex: 29(5) wavelength=5 pred=26(2) pred_arc=40(4) n_arc=3 org_n_arc=2 : 
    path for out only #out_path=0 ==> 
    path for trans only #trans_path=174 ==> 6 10 32 37 51 69 80 91 109 120 126 144 149 165 184 188 200 206 222 240 244 262 272 285 301 312 325 341 352 358 376 381 397 416 420 432 438 454 472 476 494 504 517 533 544 557 573 584 590 608 613 629 648 652 664 670 686 704 708 726 736 749 765 776 789 805 816 822 840 845 861 880 884 896 902 918 936 940 958 968 981 997 1008 1021 1037 1048 1054 1072 1077 1093 1112 1116 1128 1134 1150 1168 1172 1190 1200 1213 1229 1240 1253 1269 1280 1286 1304 1309 1325 1344 1348 1360 1366 1382 1400 1404 1422 1432 1445 1461 1472 1485 1501 1512 1518 1536 1541 1557 1576 1580 1592 1598 1614 1632 1636 1654 1664 1677 1693 1704 1717 1733 1744 1750 1768 1773 1789 1808 1812 1824 1830 1846 1864 1868 1886 1896 1909 1925 1936 1949 1965 1976 1982 2000 2005 2021 2040 2044 2056 2062 2078 2096 2100 2118 
    path for in only #in_path=325 ==> 2126 2133 2141 2149 2157 2165 2173 2181 2189 2197 2205 2213 2221 2229 2237 2245 2253 2261 2269 2277 2285 2293 2301 2309 2317 2325 2333 2341 2350 2358 2366 2374 2382 2390 2398 2409 2417 2425 2433 2441 2449 2457 2465 2473 2481 2489 2497 2505 2513 2519 2527 2535 2542 2545 2560 2561 2568 2579 2587 2602 2603 2609 2623 2630 2635 2649 2658 2659 2671 2679 2683 2691 2706 2707 2713 2727 2734 2739 2753 2762 2763 2775 2783 2787 2795 2810 2811 2817 2831 2838 2843 2857 2866 2867 2879 2887 2891 2899 2914 2915 2921 2935 2942 2947 2961 2970 2971 2983 2991 2995 3003 3018 3019 3025 3039 3046 3051 3065 3074 3075 3087 3095 3099 3107 3122 3123 3129 3143 3150 3155 3169 3178 3179 3191 3199 3203 3211 3226 3227 3233 3247 3254 3259 3273 3282 3283 3295 3303 3307 3315 3330 3331 3337 3351 3358 3363 3377 3386 3387 3399 3407 3411 3419 3434 3435 3441 3455 3462 3467 3481 3490 3491 3503 3513 3518 3524 3540 3541 3547 3558 3562 3574 3581 3592 3599 3608 3615 3624 3631 3640 3647 3656 3663 3672 3679 3688 3695 3704 3711 3720 3727 3736 3743 3752 3759 3768 3775 3784 3791 3800 3807 3816 3823 3832 3839 3848 3855 3864 3871 3880 3887 3896 3903 3912 3919 3928 3935 3944 3951 3960 3967 3976 3983 3992 3999 4008 4015 4024 4031 4040 4047 4056 4063 4072 4079 4088 4095 4104 4111 4120 4127 4136 4143 4152 4159 4168 4175 4184 4191 4200 4207 4216 4223 4232 4239 4248 4255 4264 4271 4280 4287 4296 4303 4312 4319 4328 4335 4344 4351 4360 4367 4376 4383 4392 4399 4408 4415 4424 4431 4440 4447 4457 4463 4473 4479 4489 4495 4505 4511 4521 4527 4537 4543 4553 4559 4569 4575 4585 4591 4601 4607 4617 4623 4633 4639 4649 4655 4665 4671 4681 4687 4697 4703 4711 4719 
NodeIndex: 30(6) wavelength=5 pred=28(4) pred_arc=42(6) n_arc=0 org_n_arc=0 : 
    path for out only #out_path=0 ==> 
    path for trans only #trans_path=0 ==> 
    path for in only #in_path=265 ==> 6 10 23 32 37 42 51 64 69 80 82 91 104 109 120 126 136 144 149 160 165 176 184 188 200 206 216 222 232 240 244 256 262 272 274 285 296 301 312 314 325 336 341 352 358 368 376 381 392 397 408 416 420 432 438 448 454 464 472 476 488 494 504 506 517 528 533 544 546 557 568 573 584 590 600 608 613 624 629 640 648 652 664 670 680 686 696 704 708 720 726 736 738 749 760 765 776 778 789 800 805 816 822 832 840 845 856 861 872 880 884 896 902 912 918 928 936 940 952 958 968 970 981 992 997 1008 1010 1021 1032 1037 1048 1054 1064 1072 1077 1088 1093 1104 1112 1116 1128 1134 1144 1150 1160 1168 1172 1184 1190 1200 1202 1213 1224 1229 1240 1242 1253 1264 1269 1280 1286 1296 1304 1309 1320 1325 1336 1344 1348 1360 1366 1376 1382 1392 1400 1404 1416 1422 1432 1434 1445 1456 1461 1472 1474 1485 1496 1501 1512 1518 1528 1536 1541 1552 1557 1568 1576 1580 1592 1598 1608 1614 1624 1632 1636 1648 1654 1664 1666 1677 1688 1693 1704 1706 1717 1728 1733 1744 1750 1760 1768 1773 1784 1789 1800 1808 1812 1824 1830 1840 1846 1856 1864 1868 1880 1886 1896 1898 1909 1920 1925 1936 1938 1949 1960 1965 1976 1982 1992 2000 2005 2016 2021 2032 2040 2044 2056 2062 2072 2078 2088 2096 2100 2112 2118 
NodeIndex: 31(1) wavelength=6 pred=49(0) pred_arc=82(82) n_arc=2 org_n_arc=2 : 
    path for out only #out_path=556 ==> 3 15 18 30 38 43 54 58 70 74 83 94 98 110 115 128 130 138 150 154 166 170 178 190 194 208 210 224 226 234 246 250 264 266 275 286 290 302 306 315 326 330 342 347 360 362 370 382 386 398 402 410 422 426 440 442 456 458 466 478 482 496 498 507 518 522 534 538 547 558 562 574 579 592 594 602 614 618 630 634 642 654 658 672 674 688 690 698 710 714 728 730 739 750 754 766 770 779 790 794 806 811 824 826 834 846 850 862 866 874 886 890 904 906 920 922 930 942 946 960 962 971 982 986 998 1002 1011 1022 1026 1038 1043 1056 1058 1066 1078 1082 1094 1098 1106 1118 1122 1136 1138 1152 1154 1162 1174 1178 1192 1194 1203 1214 1218 1230 1234 1243 1254 1258 1270 1275 1288 1290 1298 1310 1314 1326 1330 1338 1350 1354 1368 1370 1384 1386 1394 1406 1410 1424 1426 1435 1446 1450 1462 1466 1475 1486 1490 1502 1507 1520 1522 1530 1542 1546 1558 1562 1570 1582 1586 1600 1602 1616 1618 1626 1638 1642 1656 1658 1667 1678 1682 1694 1698 1707 1718 1722 1734 1739 1752 1754 1762 1774 1778 1790 1794 1802 1814 1818 1832 1834 1848 1850 1858 1870 1874 1888 1890 1899 1910 1914 1926 1930 1939 1950 1954 1966 1971 1984 1986 1994 2006 2010 2022 2026 2034 2046 2050 2064 2066 2080 2082 2090 2102 2106 2120 2122 2412 2420 2428 2436 2444 2452 2460 2468 2476 2484 2492 2500 2508 2516 2520 2528 2536 2546 2552 2556 2564 2578 2583 2591 2600 2605 2613 2626 2634 2639 2650 2656 2661 2667 2682 2687 2695 2704 2709 2717 2730 2738 2743 2754 2760 2765 2771 2786 2791 2799 2808 2813 2821 2834 2842 2847 2858 2864 2869 2875 2890 2895 2903 2912 2917 2925 2938 2946 2951 2962 2968 2973 2979 2994 2999 3007 3016 3021 3029 3042 3050 3055 3066 3072 3077 3083 3098 3103 3111 3120 3125 3133 3146 3154 3159 3170 3176 3181 3187 3202 3207 3215 3224 3229 3237 3250 3258 3263 3274 3280 3285 3291 3306 3311 3319 3328 3333 3341 3354 3362 3367 3378 3384 3389 3395 3410 3415 3423 3432 3437 3445 3458 3466 3471 3482 3488 3493 3499 3515 3520 3530 3535 3543 3551 3561 3568 3575 3580 3594 3598 3610 3614 3626 3630 3642 3646 3658 3662 3674 3678 3690 3694 3706 3710 3722 3726 3738 3742 3754 3758 3770 3774 3786 3790 3802 3806 3818 3822 3834 3838 3850 3854 3866 3870 3882 3886 3898 3902 3914 3918 3930 3934 3946 3950 3962 3966 3978 3982 3994 3998 4010 4014 4026 4030 4042 4046 4058 4062 4074 4078 4090 4094 4106 4110 4122 4126 4138 4142 4154 4158 4170 4174 4186 4190 4202 4206 4218 4222 4234 4238 4250 4254 4266 4270 4282 4286 4298 4302 4314 4318 4330 4334 4346 4350 4362 4366 4378 4382 4394 4398 4410 4414 4426 4430 4443 4445 4459 4461 4475 4477 4491 4493 4507 4509 4523 4525 4539 4541 4555 4557 4571 4573 4587 4589 4603 4605 4619 4621 4635 4637 4651 4653 4667 4669 4683 4685 4699 4701 4715 4717 
    path for trans only #trans_path=0 ==> 
    path for in only #in_path=0 ==> 
NodeIndex: 32(2) wavelength=6 pred=31(1) pred_arc=45(0) n_arc=3 org_n_arc=3 : 
    path for out only #out_path=34 ==> 2136 2144 2152 2160 2168 2176 2184 2192 2200 2208 2216 2224 2232 2240 2248 2256 2264 2272 2280 2288 2296 2304 2312 2320 2328 2336 2344 2352 2360 2368 2376 2384 2392 2400 
    path for trans only #trans_path=307 ==> 3 18 38 43 58 74 83 98 115 130 138 154 170 178 194 210 226 234 250 266 275 290 306 315 330 347 362 370 386 402 410 426 442 458 466 482 498 507 522 538 547 562 579 594 602 618 634 642 658 674 690 698 714 730 739 754 770 779 794 811 826 834 850 866 874 890 906 922 930 946 962 971 986 1002 1011 1026 1043 1058 1066 1082 1098 1106 1122 1138 1154 1162 1178 1194 1203 1218 1234 1243 1258 1275 1290 1298 1314 1330 1338 1354 1370 1386 1394 1410 1426 1435 1450 1466 1475 1490 1507 1522 1530 1546 1562 1570 1586 1602 1618 1626 1642 1658 1667 1682 1698 1707 1722 1739 1754 1762 1778 1794 1802 1818 1834 1850 1858 1874 1890 1899 1914 1930 1939 1954 1971 1986 1994 2010 2026 2034 2050 2066 2082 2090 2106 2122 2552 2556 2578 2591 2600 2613 2634 2639 2656 2661 2682 2695 2704 2717 2738 2743 2760 2765 2786 2799 2808 2821 2842 2847 2864 2869 2890 2903 2912 2925 2946 2951 2968 2973 2994 3007 3016 3029 3050 3055 3072 3077 3098 3111 3120 3133 3154 3159 3176 3181 3202 3215 3224 3237 3258 3263 3280 3285 3306 3319 3328 3341 3362 3367 3384 3389 3410 3423 3432 3445 3466 3471 3488 3493 3515 3530 3535 3551 3568 3575 3594 3610 3626 3642 3658 3674 3690 3706 3722 3738 3754 3770 3786 3802 3818 3834 3850 3866 3882 3898 3914 3930 3946 3962 3978 3994 4010 4026 4042 4058 4074 4090 4106 4122 4138 4154 4170 4186 4202 4218 4234 4250 4266 4282 4298 4314 4330 4346 4362 4378 4394 4410 4426 4443 4459 4475 4491 4507 4523 4539 4555 4571 4587 4603 4619 4635 4651 4667 4683 4699 4715 
    path for in only #in_path=0 ==> 
NodeIndex: 33(3) wavelength=6 pred=31(1) pred_arc=46(1) n_arc=1 org_n_arc=1 : 
    path for out only #out_path=0 ==> 
    path for trans only #trans_path=249 ==> 15 30 54 70 94 110 128 150 166 190 208 224 246 264 286 302 326 342 360 382 398 422 440 456 478 496 518 534 558 574 592 614 630 654 672 688 710 728 750 766 790 806 824 846 862 886 904 920 942 960 982 998 1022 1038 1056 1078 1094 1118 1136 1152 1174 1192 1214 1230 1254 1270 1288 1310 1326 1350 1368 1384 1406 1424 1446 1462 1486 1502 1520 1542 1558 1582 1600 1616 1638 1656 1678 1694 1718 1734 1752 1774 1790 1814 1832 1848 1870 1888 1910 1926 1950 1966 1984 2006 2022 2046 2064 2080 2102 2120 2412 2420 2428 2436 2444 2452 2460 2468 2476 2484 2492 2500 2508 2516 2520 2528 2536 2546 2564 2583 2605 2626 2650 2667 2687 2709 2730 2754 2771 2791 2813 2834 2858 2875 2895 2917 2938 2962 2979 2999 3021 3042 3066 3083 3103 3125 3146 3170 3187 3207 3229 3250 3274 3291 3311 3333 3354 3378 3395 3415 3437 3458 3482 3499 3520 3543 3561 3580 3598 3614 3630 3646 3662 3678 3694 3710 3726 3742 3758 3774 3790 3806 3822 3838 3854 3870 3886 3902 3918 3934 3950 3966 3982 3998 4014 4030 4046 4062 4078 4094 4110 4126 4142 4158 4174 4190 4206 4222 4238 4254 4270 4286 4302 4318 4334 4350 4366 4382 4398 4414 4430 4445 4461 4477 4493 4509 4525 4541 4557 4573 4589 4605 4621 4637 4653 4669 4685 4701 4717 
    path for in only #in_path=0 ==> 
NodeIndex: 34(4) wavelength=6 pred=32(2) pred_arc=48(3) n_arc=1 org_n_arc=1 : 
    path for out only #out_path=0 ==> 
    path for trans only #trans_path=119 ==> 15 18 43 58 83 98 115 130 154 170 190 210 226 246 250 275 290 315 330 347 362 386 402 422 442 458 478 482 507 522 547 562 579 594 618 634 654 674 690 710 714 739 754 779 794 811 826 850 866 886 906 922 942 946 971 986 1011 1026 1043 1058 1082 1098 1118 1138 1154 1174 1178 1203 1218 1243 1258 1275 1290 1314 1330 1350 1370 1386 1406 1410 1435 1450 1475 1490 1507 1522 1546 1562 1582 1602 1618 1638 1642 1667 1682 1707 1722 1739 1754 1778 1794 1814 1834 1850 1870 1874 1899 1914 1939 1954 1971 1986 2010 2026 2046 2066 2082 2102 2106 
    path for in only #in_path=0 ==> 
NodeIndex: 35(5) wavelength=6 pred=32(2) pred_arc=49(4) n_arc=3 org_n_arc=2 : 
    path for out only #out_path=0 ==> 
    path for trans only #trans_path=175 ==> 3 15 30 38 54 70 74 94 110 115 128 138 150 166 178 190 194 208 224 234 246 264 266 286 302 306 326 342 347 360 370 382 398 410 422 426 440 456 466 478 496 498 518 534 538 558 574 579 592 602 614 630 642 654 658 672 688 698 710 728 730 750 766 770 790 806 811 824 834 846 862 874 886 890 904 920 930 942 960 962 982 998 1002 1022 1038 1043 1056 1066 1078 1094 1106 1118 1122 1136 1152 1162 1174 1192 1194 1214 1230 1234 1254 1270 1275 1288 1298 1310 1326 1338 1350 1354 1368 1384 1394 1406 1424 1426 1446 1462 1466 1486 1502 1507 1520 1530 1542 1558 1570 1582 1586 1600 1616 1626 1638 1656 1658 1678 1694 1698 1718 1734 1739 1752 1762 1774 1790 1802 1814 1818 1832 1848 1858 1870 1888 1890 1910 1926 1930 1950 1966 1971 1984 1994 2006 2022 2034 2046 2050 2064 2080 2090 2102 2120 2122 
    path for in only #in_path=324 ==> 2136 2144 2152 2160 2168 2176 2184 2192 2200 2208 2216 2224 2232 2240 2248 2256 2264 2272 2280 2288 2296 2304 2312 2320 2328 2336 2344 2352 2360 2368 2376 2384 2392 2400 2412 2420 2428 2436 2444 2452 2460 2468 2476 2484 2492 2500 2508 2516 2520 2528 2536 2546 2552 2556 2564 2578 2583 2591 2600 2605 2613 2626 2634 2639 2650 2656 2661 2667 2682 2687 2695 2704 2709 2717 2730 2738 2743 2754 2760 2765 2771 2786 2791 2799 2808 2813 2821 2834 2842 2847 2858 2864 2869 2875 2890 2895 2903 2912 2917 2925 2938 2946 2951 2962 2968 2973 2979 2994 2999 3007 3016 3021 3029 3042 3050 3055 3066 3072 3077 3083 3098 3103 3111 3120 3125 3133 3146 3154 3159 3170 3176 3181 3187 3202 3207 3215 3224 3229 3237 3250 3258 3263 3274 3280 3285 3291 3306 3311 3319 3328 3333 3341 3354 3362 3367 3378 3384 3389 3395 3410 3415 3423 3432 3437 3445 3458 3466 3471 3482 3488 3493 3499 3515 3520 3530 3535 3543 3551 3561 3568 3575 3580 3594 3598 3610 3614 3626 3630 3642 3646 3658 3662 3674 3678 3690 3694 3706 3710 3722 3726 3738 3742 3754 3758 3770 3774 3786 3790 3802 3806 3818 3822 3834 3838 3850 3854 3866 3870 3882 3886 3898 3902 3914 3918 3930 3934 3946 3950 3962 3966 3978 3982 3994 3998 4010 4014 4026 4030 4042 4046 4058 4062 4074 4078 4090 4094 4106 4110 4122 4126 4138 4142 4154 4158 4170 4174 4186 4190 4202 4206 4218 4222 4234 4238 4250 4254 4266 4270 4282 4286 4298 4302 4314 4318 4330 4334 4346 4350 4362 4366 4378 4382 4394 4398 4410 4414 4426 4430 4443 4445 4459 4461 4475 4477 4491 4493 4507 4509 4523 4525 4539 4541 4555 4557 4571 4573 4587 4589 4603 4605 4619 4621 4635 4637 4651 4653 4667 4669 4683 4685 4699 4701 4715 4717 
NodeIndex: 36(6) wavelength=6 pred=34(4) pred_arc=51(6) n_arc=0 org_n_arc=0 : 
    path for out only #out_path=0 ==> 
    path for trans only #trans_path=0 ==> 
    path for in only #in_path=266 ==> 3 15 18 30 38 43 54 58 70 74 83 94 98 110 115 128 130 138 150 154 166 170 178 190 194 208 210 224 226 234 246 250 264 266 275 286 290 302 306 315 326 330 342 347 360 362 370 382 386 398 402 410 422 426 440 442 456 458 466 478 482 496 498 507 518 522 534 538 547 558 562 574 579 592 594 602 614 618 630 634 642 654 658 672 674 688 690 698 710 714 728 730 739 750 754 766 770 779 790 794 806 811 824 826 834 846 850 862 866 874 886 890 904 906 920 922 930 942 946 960 962 971 982 986 998 1002 1011 1022 1026 1038 1043 1056 1058 1066 1078 1082 1094 1098 1106 1118 1122 1136 1138 1152 1154 1162 1174 1178 1192 1194 1203 1214 1218 1230 1234 1243 1254 1258 1270 1275 1288 1290 1298 1310 1314 1326 1330 1338 1350 1354 1368 1370 1384 1386 1394 1406 1410 1424 1426 1435 1446 1450 1462 1466 1475 1486 1490 1502 1507 1520 1522 1530 1542 1546 1558 1562 1570 1582 1586 1600 1602 1616 1618 1626 1638 1642 1656 1658 1667 1678 1682 1694 1698 1707 1718 1722 1734 1739 1752 1754 1762 1774 1778 1790 1794 1802 1814 1818 1832 1834 1848 1850 1858 1870 1874 1888 1890 1899 1910 1914 1926 1930 1939 1950 1954 1966 1971 1984 1986 1994 2006 2010 2022 2026 2034 2046 2050 2064 2066 2080 2082 2090 2102 2106 2120 2122 
NodeIndex: 37(1) wavelength=7 pred=49(0) pred_arc=84(84) n_arc=2 org_n_arc=2 : 
    path for out only #out_path=556 ==> 1 16 17 26 33 46 56 61 66 73 86 96 101 106 117 122 133 137 146 157 162 173 177 186 193 202 213 218 229 233 242 253 258 265 278 282 293 298 305 318 322 333 338 349 354 365 369 378 389 394 405 409 418 425 434 445 450 461 465 474 485 490 497 510 514 525 530 537 550 554 565 570 581 586 597 601 610 621 626 637 641 650 657 666 677 682 693 697 706 717 722 729 742 746 757 762 769 782 786 797 802 813 818 829 833 842 853 858 869 873 882 889 898 909 914 925 929 938 949 954 961 974 978 989 994 1001 1014 1018 1029 1034 1045 1050 1061 1065 1074 1085 1090 1101 1105 1114 1121 1130 1141 1146 1157 1161 1170 1181 1186 1193 1206 1210 1221 1226 1233 1246 1250 1261 1266 1277 1282 1293 1297 1306 1317 1322 1333 1337 1346 1353 1362 1373 1378 1389 1393 1402 1413 1418 1425 1438 1442 1453 1458 1465 1478 1482 1493 1498 1509 1514 1525 1529 1538 1549 1554 1565 1569 1578 1585 1594 1605 1610 1621 1625 1634 1645 1650 1657 1670 1674 1685 1690 1697 1710 1714 1725 1730 1741 1746 1757 1761 1770 1781 1786 1797 1801 1810 1817 1826 1837 1842 1853 1857 1866 1877 1882 1889 1902 1906 1917 1922 1929 1942 1946 1957 1962 1973 1978 1989 1993 2002 2013 2018 2029 2033 2042 2049 2058 2069 2074 2085 2089 2098 2109 2114 2121 2410 2418 2426 2434 2442 2450 2458 2466 2474 2482 2490 2498 2506 2514 2522 2530 2538 2548 2554 2562 2569 2576 2581 2588 2604 2610 2617 2624 2631 2637 2652 2660 2665 2672 2680 2685 2692 2708 2714 2721 2728 2735 2741 2756 2764 2769 2776 2784 2789 2796 2812 2818 2825 2832 2839 2845 2860 2868 2873 2880 2888 2893 2900 2916 2922 2929 2936 2943 2949 2964 2972 2977 2984 2992 2997 3004 3020 3026 3033 3040 3047 3053 3068 3076 3081 3088 3096 3101 3108 3124 3130 3137 3144 3151 3157 3172 3180 3185 3192 3200 3205 3212 3228 3234 3241 3248 3255 3261 3276 3284 3289 3296 3304 3309 3316 3332 3338 3345 3352 3359 3365 3380 3388 3393 3400 3408 3413 3420 3436 3442 3449 3456 3463 3469 3484 3492 3497 3504 3514 3519 3525 3542 3548 3552 3564 3569 3576 3583 3595 3600 3611 3616 3627 3632 3643 3648 3659 3664 3675 3680 3691 3696 3707 3712 3723 3728 3739 3744 3755 3760 3771 3776 3787 3792 3803 3808 3819 3824 3835 3840 3851 3856 3867 3872 3883 3888 3899 3904 3915 3920 3931 3936 3947 3952 3963 3968 3979 3984 3995 4000 4011 4016 4027 4032 4043 4048 4059 4064 4075 4080 4091 4096 4107 4112 4123 4128 4139 4144 4155 4160 4171 4176 4187 4192 4203 4208 4219 4224 4235 4240 4251 4256 4267 4272 4283 4288 4299 4304 4315 4320 4331 4336 4347 4352 4363 4368 4379 4384 4395 4400 4411 4416 4427 4432 4441 4448 4458 4464 4474 4480 4490 4496 4506 4512 4522 4528 4538 4544 4554 4560 4570 4576 4586 4592 4602 4608 4618 4624 4634 4640 4650 4656 4666 4672 4682 4688 4698 4704 4714 4720 
    path for trans only #trans_path=0 ==> 
    path for in only #in_path=0 ==> 
NodeIndex: 38(2) wavelength=7 pred=37(1) pred_arc=54(0) n_arc=3 org_n_arc=3 : 
    path for out only #out_path=34 ==> 2129 2137 2145 2153 2161 2169 2177 2185 2193 2201 2209 2217 2225 2233 2241 2249 2257 2265 2273 2281 2289 2297 2305 2313 2321 2329 2337 2351 2359 2367 2375 2383 2391 2399 
    path for trans only #trans_path=307 ==> 1 17 33 46 61 73 86 101 117 133 137 157 173 177 193 213 229 233 253 265 278 293 305 318 333 349 365 369 389 405 409 425 445 461 465 485 497 510 525 537 550 565 581 597 601 621 637 641 657 677 693 697 717 729 742 757 769 782 797 813 829 833 853 869 873 889 909 925 929 949 961 974 989 1001 1014 1029 1045 1061 1065 1085 1101 1105 1121 1141 1157 1161 1181 1193 1206 1221 1233 1246 1261 1277 1293 1297 1317 1333 1337 1353 1373 1389 1393 1413 1425 1438 1453 1465 1478 1493 1509 1525 1529 1549 1565 1569 1585 1605 1621 1625 1645 1657 1670 1685 1697 1710 1725 1741 1757 1761 1781 1797 1801 1817 1837 1853 1857 1877 1889 1902 1917 1929 1942 1957 1973 1989 1993 2013 2029 2033 2049 2069 2085 2089 2109 2121 2554 2562 2576 2581 2604 2617 2624 2637 2660 2665 2680 2685 2708 2721 2728 2741 2764 2769 2784 2789 2812 2825 2832 2845 2868 2873 2888 2893 2916 2929 2936 2949 2972 2977 2992 2997 3020 3033 3040 3053 3076 3081 3096 3101 3124 3137 3144 3157 3180 3185 3200 3205 3228 3241 3248 3261 3284 3289 3304 3309 3332 3345 3352 3365 3388 3393 3408 3413 3436 3449 3456 3469 3492 3497 3514 3519 3542 3552 3569 3576 3595 3611 3627 3643 3659 3675 3691 3707 3723 3739 3755 3771 3787 3803 3819 3835 3851 3867 3883 3899 3915 3931 3947 3963 3979 3995 4011 4027 4043 4059 4075 4091 4107 4123 4139 4155 4171 4187 4203 4219 4235 4251 4267 4283 4299 4315 4331 4347 4363 4379 4395 4411 4427 4441 4458 4474 4490 4506 4522 4538 4554 4570 4586 4602 4618 4634 4650 4666 4682 4698 4714 
    path for in only #in_path=0 ==> 
NodeIndex: 39(3) wavelength=7 pred=37(1) pred_arc=55(1) n_arc=1 org_n_arc=1 : 
    path for out only #out_path=0 ==> 
    path for trans only #trans_path=249 ==> 16 26 56 66 96 106 122 146 162 186 202 218 242 258 282 298 322 338 354 378 394 418 434 450 474 490 514 530 554 570 586 610 626 650 666 682 706 722 746 762 786 802 818 842 858 882 898 914 938 954 978 994 1018 1034 1050 1074 1090 1114 1130 1146 1170 1186 1210 1226 1250 1266 1282 1306 1322 1346 1362 1378 1402 1418 1442 1458 1482 1498 1514 1538 1554 1578 1594 1610 1634 1650 1674 1690 1714 1730 1746 1770 1786 1810 1826 1842 1866 1882 1906 1922 1946 1962 1978 2002 2018 2042 2058 2074 2098 2114 2410 2418 2426 2434 2442 2450 2458 2466 2474 2482 2490 2498 2506 2514 2522 2530 2538 2548 2569 2588 2610 2631 2652 2672 2692 2714 2735 2756 2776 2796 2818 2839 2860 2880 2900 2922 2943 2964 2984 3004 3026 3047 3068 3088 3108 3130 3151 3172 3192 3212 3234 3255 3276 3296 3316 3338 3359 3380 3400 3420 3442 3463 3484 3504 3525 3548 3564 3583 3600 3616 3632 3648 3664 3680 3696 3712 3728 3744 3760 3776 3792 3808 3824 3840 3856 3872 3888 3904 3920 3936 3952 3968 3984 4000 4016 4032 4048 4064 4080 4096 4112 4128 4144 4160 4176 4192 4208 4224 4240 4256 4272 4288 4304 4320 4336 4352 4368 4384 4400 4416 4432 4448 4464 4480 4496 4512 4528 4544 4560 4576 4592 4608 4624 4640 4656 4672 4688 4704 4720 
    path for in only #in_path=0 ==> 
NodeIndex: 40(4) wavelength=7 pred=38(2) pred_arc=57(3) n_arc=1 org_n_arc=1 : 
    path for out only #out_path=0 ==> 
    path for trans only #trans_path=119 ==> 16 17 46 61 86 101 117 133 157 173 186 213 229 242 253 278 293 318 333 349 365 389 405 418 445 461 474 485 510 525 550 565 581 597 621 637 650 677 693 706 717 742 757 782 797 813 829 853 869 882 909 925 938 949 974 989 1014 1029 1045 1061 1085 1101 1114 1141 1157 1170 1181 1206 1221 1246 1261 1277 1293 1317 1333 1346 1373 1389 1402 1413 1438 1453 1478 1493 1509 1525 1549 1565 1578 1605 1621 1634 1645 1670 1685 1710 1725 1741 1757 1781 1797 1810 1837 1853 1866 1877 1902 1917 1942 1957 1973 1989 2013 2029 2042 2069 2085 2098 2109 
    path for in only #in_path=0 ==> 
NodeIndex: 41(5) wavelength=7 pred=38(2) pred_arc=58(4) n_arc=3 org_n_arc=2 : 
    path for out only #out_path=0 ==> 
    path for trans only #trans_path=175 ==> 1 16 26 33 56 66 73 96 106 117 122 137 146 162 177 186 193 202 218 233 242 258 265 282 298 305 322 338 349 354 369 378 394 409 418 425 434 450 465 474 490 497 514 530 537 554 570 581 586 601 610 626 641 650 657 666 682 697 706 722 729 746 762 769 786 802 813 818 833 842 858 873 882 889 898 914 929 938 954 961 978 994 1001 1018 1034 1045 1050 1065 1074 1090 1105 1114 1121 1130 1146 1161 1170 1186 1193 1210 1226 1233 1250 1266 1277 1282 1297 1306 1322 1337 1346 1353 1362 1378 1393 1402 1418 1425 1442 1458 1465 1482 1498 1509 1514 1529 1538 1554 1569 1578 1585 1594 1610 1625 1634 1650 1657 1674 1690 1697 1714 1730 1741 1746 1761 1770 1786 1801 1810 1817 1826 1842 1857 1866 1882 1889 1906 1922 1929 1946 1962 1973 1978 1993 2002 2018 2033 2042 2049 2058 2074 2089 2098 2114 2121 
    path for in only #in_path=324 ==> 2129 2137 2145 2153 2161 2169 2177 2185 2193 2201 2209 2217 2225 2233 2241 2249 2257 2265 2273 2281 2289 2297 2305 2313 2321 2329 2337 2351 2359 2367 2375 2383 2391 2399 2410 2418 2426 2434 2442 2450 2458 2466 2474 2482 2490 2498 2506 2514 2522 2530 2538 2548 2554 2562 2569 2576 2581 2588 2604 2610 2617 2624 2631 2637 2652 2660 2665 2672 2680 2685 2692 2708 2714 2721 2728 2735 2741 2756 2764 2769 2776 2784 2789 2796 2812 2818 2825 2832 2839 2845 2860 2868 2873 2880 2888 2893 2900 2916 2922 2929 2936 2943 2949 2964 2972 2977 2984 2992 2997 3004 3020 3026 3033 3040 3047 3053 3068 3076 3081 3088 3096 3101 3108 3124 3130 3137 3144 3151 3157 3172 3180 3185 3192 3200 3205 3212 3228 3234 3241 3248 3255 3261 3276 3284 3289 3296 3304 3309 3316 3332 3338 3345 3352 3359 3365 3380 3388 3393 3400 3408 3413 3420 3436 3442 3449 3456 3463 3469 3484 3492 3497 3504 3514 3519 3525 3542 3548 3552 3564 3569 3576 3583 3595 3600 3611 3616 3627 3632 3643 3648 3659 3664 3675 3680 3691 3696 3707 3712 3723 3728 3739 3744 3755 3760 3771 3776 3787 3792 3803 3808 3819 3824 3835 3840 3851 3856 3867 3872 3883 3888 3899 3904 3915 3920 3931 3936 3947 3952 3963 3968 3979 3984 3995 4000 4011 4016 4027 4032 4043 4048 4059 4064 4075 4080 4091 4096 4107 4112 4123 4128 4139 4144 4155 4160 4171 4176 4187 4192 4203 4208 4219 4224 4235 4240 4251 4256 4267 4272 4283 4288 4299 4304 4315 4320 4331 4336 4347 4352 4363 4368 4379 4384 4395 4400 4411 4416 4427 4432 4441 4448 4458 4464 4474 4480 4490 4496 4506 4512 4522 4528 4538 4544 4554 4560 4570 4576 4586 4592 4602 4608 4618 4624 4634 4640 4650 4656 4666 4672 4682 4688 4698 4704 4714 4720 
NodeIndex: 42(6) wavelength=7 pred=40(4) pred_arc=60(6) n_arc=0 org_n_arc=0 : 
    path for out only #out_path=0 ==> 
    path for trans only #trans_path=0 ==> 
    path for in only #in_path=266 ==> 1 16 17 26 33 46 56 61 66 73 86 96 101 106 117 122 133 137 146 157 162 173 177 186 193 202 213 218 229 233 242 253 258 265 278 282 293 298 305 318 322 333 338 349 354 365 369 378 389 394 405 409 418 425 434 445 450 461 465 474 485 490 497 510 514 525 530 537 550 554 565 570 581 586 597 601 610 621 626 637 641 650 657 666 677 682 693 697 706 717 722 729 742 746 757 762 769 782 786 797 802 813 818 829 833 842 853 858 869 873 882 889 898 909 914 925 929 938 949 954 961 974 978 989 994 1001 1014 1018 1029 1034 1045 1050 1061 1065 1074 1085 1090 1101 1105 1114 1121 1130 1141 1146 1157 1161 1170 1181 1186 1193 1206 1210 1221 1226 1233 1246 1250 1261 1266 1277 1282 1293 1297 1306 1317 1322 1333 1337 1346 1353 1362 1373 1378 1389 1393 1402 1413 1418 1425 1438 1442 1453 1458 1465 1478 1482 1493 1498 1509 1514 1525 1529 1538 1549 1554 1565 1569 1578 1585 1594 1605 1610 1621 1625 1634 1645 1650 1657 1670 1674 1685 1690 1697 1710 1714 1725 1730 1741 1746 1757 1761 1770 1781 1786 1797 1801 1810 1817 1826 1837 1842 1853 1857 1866 1877 1882 1889 1902 1906 1917 1922 1929 1942 1946 1957 1962 1973 1978 1989 1993 2002 2013 2018 2029 2033 2042 2049 2058 2069 2074 2085 2089 2098 2109 2114 2121 
NodeIndex: 43(1) wavelength=8 pred=49(0) pred_arc=86(86) n_arc=2 org_n_arc=2 : 
    path for out only #out_path=556 ==> 5 12 21 27 35 44 52 60 72 78 84 92 100 112 116 125 132 142 152 156 168 172 182 192 198 205 212 221 228 238 248 252 261 270 276 288 292 304 310 316 328 332 344 348 357 364 374 384 388 400 404 414 424 430 437 444 453 460 470 480 484 493 502 508 520 524 536 542 548 560 564 576 580 589 596 606 616 620 632 636 646 656 662 669 676 685 692 702 712 716 725 734 740 752 756 768 774 780 792 796 808 812 821 828 838 848 852 864 868 878 888 894 901 908 917 924 934 944 948 957 966 972 984 988 1000 1006 1012 1024 1028 1040 1044 1053 1060 1070 1080 1084 1096 1100 1110 1120 1126 1133 1140 1149 1156 1166 1176 1180 1189 1198 1204 1216 1220 1232 1238 1244 1256 1260 1272 1276 1285 1292 1302 1312 1316 1328 1332 1342 1352 1358 1365 1372 1381 1388 1398 1408 1412 1421 1430 1436 1448 1452 1464 1470 1476 1488 1492 1504 1508 1517 1524 1534 1544 1548 1560 1564 1574 1584 1590 1597 1604 1613 1620 1630 1640 1644 1653 1662 1668 1680 1684 1696 1702 1708 1720 1724 1736 1740 1749 1756 1766 1776 1780 1792 1796 1806 1816 1822 1829 1836 1845 1852 1862 1872 1876 1885 1894 1900 1912 1916 1928 1934 1940 1952 1956 1968 1972 1981 1988 1998 2008 2012 2024 2028 2038 2048 2054 2061 2068 2077 2084 2094 2104 2108 2117 2411 2419 2427 2435 2443 2451 2459 2467 2475 2483 2491 2499 2507 2515 2523 2531 2539 2550 2555 2563 2571 2577 2582 2590 2598 2612 2618 2625 2633 2638 2646 2654 2666 2674 2681 2686 2694 2702 2716 2722 2729 2737 2742 2750 2758 2770 2778 2785 2790 2798 2806 2820 2826 2833 2841 2846 2854 2862 2874 2882 2889 2894 2902 2910 2924 2930 2937 2945 2950 2958 2966 2978 2986 2993 2998 3006 3014 3028 3034 3041 3049 3054 3062 3070 3082 3090 3097 3102 3110 3118 3132 3138 3145 3153 3158 3166 3174 3186 3194 3201 3206 3214 3222 3236 3242 3249 3257 3262 3270 3278 3290 3298 3305 3310 3318 3326 3340 3346 3353 3361 3366 3374 3382 3394 3402 3409 3414 3422 3430 3444 3450 3457 3465 3470 3478 3486 3498 3505 3507 3526 3528 3532 3549 3554 3567 3571 3577 3585 3588 3601 3604 3617 3620 3633 3636 3649 3652 3665 3668 3681 3684 3697 3700 3713 3716 3729 3732 3745 3748 3761 3764 3777 3780 3793 3796 3809 3812 3825 3828 3841 3844 3857 3860 3873 3876 3889 3892 3905 3908 3921 3924 3937 3940 3953 3956 3969 3972 3985 3988 4001 4004 4017 4020 4033 4036 4049 4052 4065 4068 4081 4084 4097 4100 4113 4116 4129 4132 4145 4148 4161 4164 4177 4180 4193 4196 4209 4212 4225 4228 4241 4244 4257 4260 4273 4276 4289 4292 4305 4308 4321 4324 4337 4340 4353 4356 4369 4372 4385 4388 4401 4404 4417 4420 4434 4437 4451 4454 4467 4470 4483 4486 4499 4502 4515 4518 4531 4534 4547 4550 4563 4566 4579 4582 4595 4598 4611 4614 4627 4630 4643 4646 4659 4662 4675 4678 4691 4694 4707 4710 4723 4726 
    path for trans only #trans_path=0 ==> 
    path for in only #in_path=0 ==> 
NodeIndex: 44(2) wavelength=8 pred=43(1) pred_arc=63(0) n_arc=3 org_n_arc=3 : 
    path for out only #out_path=36 ==> 2127 2134 2142 2150 2158 2166 2174 2182 2190 2198 2206 2214 2222 2230 2238 2246 2254 2262 2270 2278 2286 2294 2302 2310 2318 2326 2334 2342 2347 2355 2363 2371 2379 2387 2395 2403 
    path for trans only #trans_path=307 ==> 5 21 35 44 60 78 84 100 116 132 142 156 172 182 198 212 228 238 252 270 276 292 310 316 332 348 364 374 388 404 414 430 444 460 470 484 502 508 524 542 548 564 580 596 606 620 636 646 662 676 692 702 716 734 740 756 774 780 796 812 828 838 852 868 878 894 908 924 934 948 966 972 988 1006 1012 1028 1044 1060 1070 1084 1100 1110 1126 1140 1156 1166 1180 1198 1204 1220 1238 1244 1260 1276 1292 1302 1316 1332 1342 1358 1372 1388 1398 1412 1430 1436 1452 1470 1476 1492 1508 1524 1534 1548 1564 1574 1590 1604 1620 1630 1644 1662 1668 1684 1702 1708 1724 1740 1756 1766 1780 1796 1806 1822 1836 1852 1862 1876 1894 1900 1916 1934 1940 1956 1972 1988 1998 2012 2028 2038 2054 2068 2084 2094 2108 2555 2563 2577 2582 2598 2618 2625 2638 2646 2666 2681 2686 2702 2722 2729 2742 2750 2770 2785 2790 2806 2826 2833 2846 2854 2874 2889 2894 2910 2930 2937 2950 2958 2978 2993 2998 3014 3034 3041 3054 3062 3082 3097 3102 3118 3138 3145 3158 3166 3186 3201 3206 3222 3242 3249 3262 3270 3290 3305 3310 3326 3346 3353 3366 3374 3394 3409 3414 3430 3450 3457 3470 3478 3498 3507 3528 3532 3549 3567 3577 3585 3601 3617 3633 3649 3665 3681 3697 3713 3729 3745 3761 3777 3793 3809 3825 3841 3857 3873 3889 3905 3921 3937 3953 3969 3985 4001 4017 4033 4049 4065 4081 4097 4113 4129 4145 4161 4177 4193 4209 4225 4241 4257 4273 4289 4305 4321 4337 4353 4369 4385 4401 4417 4434 4451 4467 4483 4499 4515 4531 4547 4563 4579 4595 4611 4627 4643 4659 4675 4691 4707 4723 
    path for in only #in_path=0 ==> 
NodeIndex: 45(3) wavelength=8 pred=43(1) pred_arc=64(1) n_arc=1 org_n_arc=1 : 
    path for out only #out_path=0 ==> 
    path for trans only #trans_path=250 ==> 12 27 52 72 92 112 125 152 168 192 205 221 248 261 288 304 328 344 357 384 400 424 437 453 480 493 520 536 560 576 589 616 632 656 669 685 712 725 752 768 792 808 821 848 864 888 901 917 944 957 984 1000 1024 1040 1053 1080 1096 1120 1133 1149 1176 1189 1216 1232 1256 1272 1285 1312 1328 1352 1365 1381 1408 1421 1448 1464 1488 1504 1517 1544 1560 1584 1597 1613 1640 1653 1680 1696 1720 1736 1749 1776 1792 1816 1829 1845 1872 1885 1912 1928 1952 1968 1981 2008 2024 2048 2061 2077 2104 2117 2411 2419 2427 2435 2443 2451 2459 2467 2475 2483 2491 2499 2507 2515 2523 2531 2539 2550 2571 2590 2612 2633 2654 2674 2694 2716 2737 2758 2778 2798 2820 2841 2862 2882 2902 2924 2945 2966 2986 3006 3028 3049 3070 3090 3110 3132 3153 3174 3194 3214 3236 3257 3278 3298 3318 3340 3361 3382 3402 3422 3444 3465 3486 3505 3526 3532 3554 3571 3588 3604 3620 3636 3652 3668 3684 3700 3716 3732 3748 3764 3780 3796 3812 3828 3844 3860 3876 3892 3908 3924 3940 3956 3972 3988 4004 4020 4036 4052 4068 4084 4100 4116 4132 4148 4164 4180 4196 4212 4228 4244 4260 4276 4292 4308 4324 4340 4356 4372 4388 4404 4420 4437 4454 4470 4486 4502 4518 4534 4550 4566 4582 4598 4614 4630 4646 4662 4678 4694 4710 4726 
    path for in only #in_path=0 ==> 
NodeIndex: 46(4) wavelength=8 pred=44(2) pred_arc=66(3) n_arc=1 org_n_arc=1 : 
    path for out only #out_path=0 ==> 
    path for trans only #trans_path=119 ==> 12 21 44 60 84 100 116 132 156 172 192 212 228 248 252 276 292 316 332 348 364 388 404 424 444 460 480 484 508 524 548 564 580 596 620 636 656 676 692 712 716 740 756 780 796 812 828 852 868 888 908 924 944 948 972 988 1012 1028 1044 1060 1084 1100 1120 1140 1156 1176 1180 1204 1220 1244 1260 1276 1292 1316 1332 1352 1372 1388 1408 1412 1436 1452 1476 1492 1508 1524 1548 1564 1584 1604 1620 1640 1644 1668 1684 1708 1724 1740 1756 1780 1796 1816 1836 1852 1872 1876 1900 1916 1940 1956 1972 1988 2012 2028 2048 2068 2084 2104 2108 
    path for in only #in_path=0 ==> 
NodeIndex: 47(5) wavelength=8 pred=44(2) pred_arc=67(4) n_arc=3 org_n_arc=2 : 
    path for out only #out_path=0 ==> 
    path for trans only #trans_path=174 ==> 5 12 27 35 52 72 78 92 112 116 125 142 152 168 182 192 198 205 221 238 248 261 270 288 304 310 328 344 348 357 374 384 400 414 424 430 437 453 470 480 493 502 520 536 542 560 576 580 589 606 616 632 646 656 662 669 685 702 712 725 734 752 768 774 792 808 812 821 838 848 864 878 888 894 901 917 934 944 957 966 984 1000 1006 1024 1040 1044 1053 1070 1080 1096 1110 1120 1126 1133 1149 1166 1176 1189 1198 1216 1232 1238 1256 1272 1276 1285 1302 1312 1328 1342 1352 1358 1365 1381 1398 1408 1421 1430 1448 1464 1470 1488 1504 1508 1517 1534 1544 1560 1574 1584 1590 1597 1613 1630 1640 1653 1662 1680 1696 1702 1720 1736 1740 1749 1766 1776 1792 1806 1816 1822 1829 1845 1862 1872 1885 1894 1912 1928 1934 1952 1968 1972 1981 1998 2008 2024 2038 2048 2054 2061 2077 2094 2104 2117 
    path for in only #in_path=327 ==> 2127 2134 2142 2150 2158 2166 2174 2182 2190 2198 2206 2214 2222 2230 2238 2246 2254 2262 2270 2278 2286 2294 2302 2310 2318 2326 2334 2342 2347 2355 2363 2371 2379 2387 2395 2403 2411 2419 2427 2435 2443 2451 2459 2467 2475 2483 2491 2499 2507 2515 2523 2531 2539 2550 2555 2563 2571 2577 2582 2590 2598 2612 2618 2625 2633 2638 2646 2654 2666 2674 2681 2686 2694 2702 2716 2722 2729 2737 2742 2750 2758 2770 2778 2785 2790 2798 2806 2820 2826 2833 2841 2846 2854 2862 2874 2882 2889 2894 2902 2910 2924 2930 2937 2945 2950 2958 2966 2978 2986 2993 2998 3006 3014 3028 3034 3041 3049 3054 3062 3070 3082 3090 3097 3102 3110 3118 3132 3138 3145 3153 3158 3166 3174 3186 3194 3201 3206 3214 3222 3236 3242 3249 3257 3262 3270 3278 3290 3298 3305 3310 3318 3326 3340 3346 3353 3361 3366 3374 3382 3394 3402 3409 3414 3422 3430 3444 3450 3457 3465 3470 3478 3486 3498 3505 3507 3526 3528 3532 3549 3554 3567 3571 3577 3585 3588 3601 3604 3617 3620 3633 3636 3649 3652 3665 3668 3681 3684 3697 3700 3713 3716 3729 3732 3745 3748 3761 3764 3777 3780 3793 3796 3809 3812 3825 3828 3841 3844 3857 3860 3873 3876 3889 3892 3905 3908 3921 3924 3937 3940 3953 3956 3969 3972 3985 3988 4001 4004 4017 4020 4033 4036 4049 4052 4065 4068 4081 4084 4097 4100 4113 4116 4129 4132 4145 4148 4161 4164 4177 4180 4193 4196 4209 4212 4225 4228 4241 4244 4257 4260 4273 4276 4289 4292 4305 4308 4321 4324 4337 4340 4353 4356 4369 4372 4385 4388 4401 4404 4417 4420 4434 4437 4451 4454 4467 4470 4483 4486 4499 4502 4515 4518 4531 4534 4547 4550 4563 4566 4579 4582 4595 4598 4611 4614 4627 4630 4643 4646 4659 4662 4675 4678 4691 4694 4707 4710 4723 4726 
NodeIndex: 48(6) wavelength=8 pred=46(4) pred_arc=69(6) n_arc=0 org_n_arc=0 : 
    path for out only #out_path=0 ==> 
    path for trans only #trans_path=0 ==> 
    path for in only #in_path=265 ==> 5 12 21 27 35 44 52 60 72 78 84 92 100 112 116 125 132 142 152 156 168 172 182 192 198 205 212 221 228 238 248 252 261 270 276 288 292 304 310 316 328 332 344 348 357 364 374 384 388 400 404 414 424 430 437 444 453 460 470 480 484 493 502 508 520 524 536 542 548 560 564 576 580 589 596 606 616 620 632 636 646 656 662 669 676 685 692 702 712 716 725 734 740 752 756 768 774 780 792 796 808 812 821 828 838 848 852 864 868 878 888 894 901 908 917 924 934 944 948 957 966 972 984 988 1000 1006 1012 1024 1028 1040 1044 1053 1060 1070 1080 1084 1096 1100 1110 1120 1126 1133 1140 1149 1156 1166 1176 1180 1189 1198 1204 1216 1220 1232 1238 1244 1256 1260 1272 1276 1285 1292 1302 1312 1316 1328 1332 1342 1352 1358 1365 1372 1381 1388 1398 1408 1412 1421 1430 1436 1448 1452 1464 1470 1476 1488 1492 1504 1508 1517 1524 1534 1544 1548 1560 1564 1574 1584 1590 1597 1604 1613 1620 1630 1640 1644 1653 1662 1668 1680 1684 1696 1702 1708 1720 1724 1736 1740 1749 1756 1766 1776 1780 1792 1796 1806 1816 1822 1829 1836 1845 1852 1862 1872 1876 1885 1894 1900 1912 1916 1928 1934 1940 1952 1956 1968 1972 1981 1988 1998 2008 2012 2024 2028 2038 2048 2054 2061 2068 2077 2084 2094 2104 2108 2117 
