0 6 7 8 13 19 17 21 18 19 21 13 19 25 20 22 23 26 15 13 17 27 15 19 15 19 21 15 19 22 15 21 23 18 20 19 20 20 23 10 11 21 19 17 18 24 18 8 10 17 11 12 14 20 15 16 24 20 18 19 18 21 20 15 16 18 20 20 18 19 18 15 16 21 20 19 20 16 18 14 16 14 22 23 18 15 16 19 22 21 21 25 19 19 21 17 18 20 30 20
18 0 1 2 7 13 18 21 20 18 15 15 18 25 15 17 18 21 17 7 11 21 14 18 13 17 19 22 17 20 9 15 22 12 14 17 19 19 17 4 5 15 17 16 15 21 17 18 17 17 18 10 13 14 9 10 20 21 12 13 17 20 19 14 15 17 14 14 12 18 16 14 15 20 15 13 14 14 16 19 19 21 18 18 12 13 14 17 20 20 21 21 26 14 19 16 17 18 28 14
17 22 0 1 6 12 17 20 19 17 14 14 17 24 14 16 17 20 16 6 10 20 13 17 12 16 18 21 16 19 8 14 21 11 13 16 18 18 16 3 4 14 16 15 14 20 16 17 16 16 17 9 12 13 8 9 19 20 11 12 16 19 18 13 14 16 13 13 11 17 15 13 14 19 14 12 13 13 15 18 18 20 17 17 11 12 13 16 19 19 20 20 25 13 18 15 16 17 27 13
16 21 19 0 5 11 16 19 18 16 13 13 16 23 13 15 16 19 15 5 9 19 12 16 11 15 17 20 15 18 7 13 20 10 12 15 17 17 15 2 3 13 15 14 13 19 15 16 15 15 16 8 11 12 7 8 18 19 10 11 15 18 17 12 13 15 12 12 10 16 14 12 13 18 13 11 12 12 14 17 17 19 16 16 10 11 12 15 18 18 19 19 24 12 17 14 15 16 26 12
15 18 14 13 0 6 11 15 15 11 13 14 11 18 8 10 11 14 12 12 16 26 7 11 12 14 16 16 10 17 14 20 15 13 14 17 12 12 16 15 12 18 15 9 8 14 10 17 16 17 17 16 18 7 12 13 15 16 5 6 13 16 12 15 12 14 10 11 14 17 22 19 17 22 14 7 8 11 13 16 12 15 15 11 8 14 15 17 16 13 14 18 20 13 16 19 20 15 24 19
9 15 16 9 7 0 5 9 13 14 16 10 14 19 15 12 13 14 12 13 17 27 10 14 15 8 10 14 13 20 10 16 18 13 9 15 15 15 12 11 12 22 15 16 6 12 13 17 12 14 13 10 16 14 12 13 17 18 3 4 11 14 13 13 14 16 6 7 10 16 16 17 15 19 15 14 15 11 13 16 10 13 11 13 13 13 14 12 10 16 16 20 18 14 16 19 20 15 24 15
12 13 12 6 11 13 0 4 8 9 11 5 9 16 13 15 8 11 7 8 12 22 5 9 10 14 16 12 10 15 13 16 13 8 4 10 10 10 7 8 7 17 10 11 12 18 8 15 7 9 8 9 11 18 8 9 12 13 16 12 9 12 13 12 12 14 13 14 15 12 15 12 12 14 10 13 14 6 8 11 13 11 18 15 16 8 9 7 5 11 12 16 16 9 11 14 15 10 20 18
8 14 8 2 7 13 13 0 4 5 7 8 5 12 11 13 4 7 10 6 10 20 1 5 6 10 12 12 6 11 9 15 9 10 10 6 6 6 3 4 5 15 8 9 10 14 4 11 10 5 6 7 9 14 9 10 13 14 12 8 11 14 9 10 11 13 14 12 12 14 13 10 11 10 11 11 12 8 10 9 12 11 16 11 12 4 5 8 1 7 8 12 16 10 13 12 13 12 17 14
4 10 11 12 12 14 9 13 0 1 3 4 10 17 14 14 15 11 6 7 11 21 11 5 6 10 12 10 5 14 13 19 9 12 7 2 12 11 10 10 11 18 11 9 10 16 14 12 6 10 7 4 10 17 7 8 15 16 8 9 14 17 5 11 12 14 12 12 15 13 10 11 11 15 7 10 11 12 14 10 8 10 16 15 16 7 8 10 14 12 13 17 15 6 12 13 14 16 21 18
12 11 12 13 11 13 8 12 8 0 2 3 9 16 13 15 16 16 5 6 10 20 10 13 14 18 20 9 4 13 14 20 17 11 6 10 15 10 9 9 10 17 10 8 9 15 13 15 5 9 6 7 9 16 6 7 14 15 7 8 13 16 4 10 11 13 11 12 15 12 13 10 10 14 6 9 10 11 13 9 7 9 16 15 17 6 7 9 13 11 12 16 14 5 11 12 13 15 25 19
10 9 10 11 16 12 10 14 6 7 0 1 7 14 13 15 15 17 3 4 8 18 8 11 12 16 18 8 2 11 12 18 15 9 11 8 13 8 12 7 8 18 12 10 11 17 11 13 3 10 4 5 7 14 4 5 15 13 12 12 11 14 9 8 9 11 9 10 13 12 11 8 8 13 8 11 12 9 11 7 9 7 14 13 15 8 9 12 14 9 10 14 12 7 13 10 11 13 23 17
9 8 9 10 15 11 9 13 5 6 8 0 6 13 12 14 14 16 2 3 7 17 7 10 11 15 17 7 10 14 11 17 14 8 10 7 12 7 11 6 7 17 11 9 10 16 10 12 2 9 3 4 6 13 3 4 14 12 13 11 10 13 10 7 8 10 8 9 12 11 10 7 7 12 7 10 11 8 10 6 8 6 13 12 14 7 8 11 13 8 9 13 11 6 12 9 10 12 22 16
13 13 8 9 10 14 15 19 10 11 13 6 0 7 6 8 8 11 7 6 10 20 13 7 8 12 14 13 11 20 10 16 11 11 5 12 6 1 5 11 9 18 8 9 10 16 11 18 8 15 9 10 12 17 9 10 13 14 15 8 12 15 12 13 13 15 11 12 15 15 16 13 12 17 13 10 11 9 11 12 14 12 16 6 9 13 5 8 7 2 3 7 13 12 14 15 11 13 21 10
15 15 6 7 9 15 19 23 12 13 15 10 16 0 5 7 8 11 9 10 14 24 16 9 10 14 16 17 14 14 14 18 13 10 9 14 4 5 9 9 9 19 11 12 13 17 19 21 12 19 13 13 16 16 13 14 16 17 14 11 11 14 15 17 16 10 13 14 17 14 19 16 14 19 12 12 13 8 10 13 18 16 18 8 11 7 8 11 16 14 15 19 21 11 13 16 15 12 21 19
10 10 11 11 4 10 14 18 7 8 10 8 14 14 0 2 3 6 4 5 9 19 11 4 5 9 11 15 10 14 11 13 8 5 7 9 16 15 10 13 4 14 7 8 9 15 14 18 10 16 11 11 11 11 11 12 15 16 9 10 6 9 11 12 13 13 8 9 12 9 15 11 9 14 7 7 8 3 5 8 13 14 13 3 6 7 8 10 11 9 10 14 19 6 8 11 12 7 16 16
8 8 9 9 2 8 12 16 5 6 8 7 13 16 10 0 1 4 2 3 7 17 9 2 3 7 9 14 9 15 10 15 6 7 9 7 14 14 11 11 6 16 9 7 8 14 12 16 9 15 10 9 9 9 10 11 17 18 7 8 8 11 10 10 11 11 6 7 10 11 15 9 7 12 9 5 6 5 7 10 11 13 11 1 4 9 10 12 9 11 12 16 18 8 10 12 13 9 14 15
13 12 13 14 15 15 16 20 9 10 12 9 15 15 11 13 0 3 6 7 11 21 16 14 13 17 19 16 11 15 12 14 18 6 8 11 19 16 10 15 5 15 8 9 10 16 18 21 11 17 12 13 13 20 12 13 16 17 15 12 7 10 12 14 15 17 11 12 15 10 16 14 11 16 8 11 12 4 6 9 15 15 16 14 15 8 9 11 8 10 11 15 20 7 9 11 12 8 13 15
10 9 10 11 12 12 13 17 6 7 9 6 12 12 8 10 11 0 3 4 8 18 13 11 10 14 16 13 8 12 9 11 15 3 5 8 16 13 8 12 2 12 5 6 7 13 15 18 8 14 9 10 10 17 9 10 13 14 12 9 4 7 9 11 12 14 8 9 12 7 13 11 8 13 5 8 9 1 3 6 12 12 13 11 12 5 6 8 12 7 8 12 17 4 6 8 9 5 10 12
7 6 7 8 13 14 12 15 3 4 6 7 13 19 13 15 16 14 0 1 5 15 10 8 9 13 15 13 8 17 15 18 12 6 8 5 15 14 11 10 9 19 12 12 13 19 13 15 9 13 10 7 7 14 10 11 16 17 11 12 11 14 8 8 9 11 15 12 10 12 13 8 5 10 10 13 13 8 10 13 11 13 16 16 18 10 11 11 16 14 15 19 18 9 13 10 11 12 22 20
15 16 16 16 16 13 14 14 13 12 14 8 13 18 12 14 15 17 10 0 4 14 9 13 12 14 16 15 14 18 14 17 17 5 7 15 14 14 10 14 8 18 11 12 13 19 12 19 10 17 11 12 6 13 11 12 15 16 16 15 10 13 15 7 8 10 14 11 9 11 17 7 8 13 11 13 12 7 9 12 13 14 15 15 17 11 12 10 15 13 14 18 19 10 12 9 10 11 21 19
11 16 12 12 12 9 10 10 13 8 10 8 9 14 8 10 11 13 10 10 0 10 5 9 8 10 12 13 10 14 11 13 13 5 7 14 10 10 10 14 4 14 7 8 9 15 8 15 10 15 11 12 2 9 11 12 15 16 12 11 6 9 11 3 4 6 10 11 14 7 13 3 4 9 7 9 8 3 5 8 9 12 12 11 14 7 8 10 11 9 10 14 17 6 8 5 6 7 17 16
10 16 11 11 11 14 9 9 13 5 7 8 8 15 7 9 10 13 10 9 13 0 4 8 9 11 13 12 9 18 8 14 12 12 11 13 9 9 12 13 11 18 8 9 10 16 7 14 10 14 11 10 1 8 10 11 13 14 12 8 5 6 9 2 3 5 13 14 16 6 12 2 3 8 11 12 13 10 12 14 8 11 11 10 11 11 5 8 10 10 11 15 16 10 15 4 5 10 20 13
10 15 7 8 13 17 12 16 12 4 6 7 4 11 10 12 12 13 9 5 9 19 0 4 5 9 11 13 8 17 14 20 8 10 9 14 5 5 9 10 11 21 12 12 13 19 3 10 9 13 10 11 11 18 10 11 17 18 11 12 15 18 8 12 13 15 15 11 14 16 17 12 13 18 10 13 14 12 14 13 11 13 15 10 13 10 9 12 11 6 7 11 17 9 15 14 15 16 23 14
6 12 13 14 11 16 10 14 10 11 13 5 11 18 15 9 10 9 7 8 12 22 12 0 1 5 7 12 13 19 10 16 4 10 12 12 17 12 15 11 9 19 12 13 14 20 15 14 7 14 8 7 11 18 8 9 15 16 15 16 11 14 15 12 13 15 13 7 10 14 13 12 12 17 12 14 15 8 10 10 9 11 11 10 13 12 13 10 15 13 14 18 16 11 13 14 15 12 19 15
5 11 12 13 18 16 9 13 16 17 15 12 18 17 14 16 17 17 13 14 18 28 14 13 0 4 6 12 12 18 9 15 17 9 11 13 19 19 14 14 8 18 11 12 13 19 17 13 14 17 15 6 13 20 11 12 19 20 14 15 10 13 15 12 13 15 14 6 9 13 12 13 14 19 11 13 14 7 9 12 8 11 10 12 12 11 12 14 14 13 14 18 16 10 12 15 16 11 21 14
1 7 8 9 14 12 5 9 13 13 15 8 14 13 10 12 13 13 10 11 15 25 10 12 12 0 2 8 10 14 11 13 16 5 7 9 15 15 10 11 4 14 7 8 9 15 13 9 10 14 11 2 9 16 11 12 15 16 10 11 6 9 11 10 11 13 10 11 14 9 8 9 10 15 7 10 11 3 5 8 4 7 15 13 14 7 8 10 10 9 10 14 12 6 8 11 12 7 17 16
15 14 15 9 12 10 3 7 11 11 13 6 12 11 8 10 11 11 8 9 13 23 8 12 10 14 0 6 8 12 9 11 16 3 5 13 13 13 8 11 2 12 5 6 7 13 11 18 8 12 9 10 12 15 9 10 13 14 12 9 4 7 9 13 13 15 8 9 12 7 13 13 13 17 5 8 9 1 3 6 2 5 13 11 12 5 6 8 8 7 8 12 10 4 6 9 10 5 15 14
12 15 16 13 11 4 9 13 12 13 15 11 17 23 19 15 14 15 9 10 14 24 14 6 7 11 13 0 8 17 14 20 10 15 13 14 19 18 16 15 15 25 18 19 10 16 17 20 13 18 14 13 16 9 14 15 17 18 7 8 15 18 15 17 14 16 10 11 14 20 19 17 14 19 17 12 13 14 16 16 14 17 15 8 11 17 18 16 14 19 20 24 22 16 19 19 20 18 25 19
19 18 19 17 14 18 11 15 15 16 18 10 16 19 16 18 19 19 12 13 17 27 16 20 21 25 26 14 0 9 12 18 24 18 9 17 21 17 12 15 16 20 13 11 12 18 19 22 12 12 13 14 16 21 13 13 17 18 10 11 18 21 7 16 17 19 17 18 20 15 20 17 17 17 9 12 13 17 19 16 10 13 21 19 15 9 10 12 16 18 14 18 18 8 14 17 18 21 29 17
12 18 19 11 12 10 12 16 15 13 9 10 15 20 8 10 10 13 12 13 12 22 15 12 13 17 19 15 7 0 3 9 16 13 10 13 20 16 11 6 7 14 4 5 6 12 14 14 12 11 12 6 13 19 5 4 9 10 11 4 11 14 8 13 9 11 8 9 12 16 12 13 14 16 10 7 8 11 13 15 11 14 13 11 6 10 1 4 9 16 5 9 15 9 15 16 17 15 23 8
9 15 16 8 13 9 14 18 12 13 6 7 12 19 15 17 18 20 9 10 14 24 14 13 14 17 19 14 8 14 0 6 15 12 14 14 18 13 17 5 6 16 14 13 14 20 11 17 9 8 9 10 12 19 2 3 13 14 12 13 13 16 15 12 13 15 5 6 9 15 16 13 14 13 11 4 5 10 12 12 15 13 10 12 3 12 13 16 19 14 15 12 18 13 15 15 16 14 24 5
22 28 29 21 25 22 22 26 25 26 19 20 25 30 27 29 30 30 22 23 27 37 27 26 27 30 32 25 21 27 13 0 9 19 20 27 31 26 23 18 19 29 24 22 23 29 24 30 22 21 22 23 25 32 15 16 26 27 21 22 8 11 18 25 26 28 18 19 22 26 29 26 27 26 20 17 18 23 25 25 21 24 23 25 16 20 21 23 27 27 28 25 29 19 25 28 29 27 37 18
22 21 22 18 23 19 22 26 18 18 20 13 19 26 25 27 27 25 15 16 20 30 20 23 22 26 28 20 20 27 18 24 0 10 12 20 25 20 15 13 14 24 24 21 22 28 23 25 15 22 16 17 19 26 10 11 20 21 22 23 22 25 22 20 20 22 15 16 19 24 23 20 20 25 19 22 23 21 23 19 21 19 20 22 21 20 21 15 20 21 22 26 24 19 25 22 23 25 35 23
12 11 12 13 18 11 12 16 8 8 10 3 9 16 15 17 17 15 5 6 10 20 10 13 14 18 20 10 12 17 14 20 17 0 2 10 15 10 5 9 9 19 14 12 13 19 13 15 5 12 6 7 9 16 6 7 10 11 14 14 12 15 12 10 10 12 11 12 13 14 13 10 10 15 10 13 14 11 13 9 11 9 16 15 17 10 11 5 10 11 12 16 14 9 15 12 13 15 25 19
10 9 10 11 16 9 10 14 6 7 9 1 7 14 13 15 15 13 3 4 8 18 8 11 12 16 18 8 11 15 12 18 15 9 0 8 13 8 3 7 7 17 12 10 11 17 11 13 3 10 4 5 7 14 4 5 8 9 12 12 10 13 11 8 8 10 9 10 11 12 11 8 8 13 8 11 12 9 11 7 9 7 14 13 15 8 9 3 8 9 10 14 12 7 13 10 11 13 23 17
2 8 9 10 14 19 13 17 13 14 16 8 14 21 17 12 13 9 10 11 15 25 15 3 4 8 10 15 16 21 13 19 7 12 14 0 10 11 15 12 11 21 14 15 16 22 18 10 10 17 11 10 14 21 11 12 18 19 18 18 13 16 18 15 16 18 16 10 13 16 16 15 15 20 14 17 18 10 12 13 12 14 14 13 16 14 15 13 18 16 17 21 19 13 15 17 18 14 19 18
15 14 2 3 8 14 15 19 11 12 14 6 12 19 16 18 19 18 8 6 10 20 13 16 14 18 19 13 16 20 10 16 20 11 5 13 0 1 5 5 6 16 17 15 16 22 16 18 8 15 9 10 12 15 9 10 13 14 13 14 15 18 16 13 13 15 14 15 13 17 16 13 13 18 13 14 15 13 15 12 14 12 19 17 13 13 14 8 13 14 15 19 17 12 18 15 11 16 26 15
14 13 7 8 13 13 14 18 10 11 13 5 11 18 17 19 19 17 7 5 9 19 12 15 16 19 18 12 15 19 15 21 19 10 4 12 5 0 4 10 8 18 16 14 15 21 15 17 7 14 8 9 11 18 8 9 12 13 16 16 14 17 15 12 12 14 13 14 14 16 15 12 12 17 12 15 16 12 14 11 13 11 18 16 18 12 13 7 12 13 14 18 16 11 17 14 10 15 25 20
17 23 24 23 25 22 21 25 27 23 21 22 25 29 21 23 24 24 24 25 23 33 23 25 12 16 18 24 18 19 15 21 29 21 21 23 28 26 0 10 4 14 16 16 17 22 24 24 24 23 24 16 23 30 17 18 21 22 22 16 22 25 19 21 21 23 20 18 18 20 22 23 24 28 14 17 18 19 21 24 20 23 22 24 18 12 13 16 19 25 24 27 28 13 19 22 23 23 33 20
14 20 20 13 18 14 18 21 17 16 11 12 17 24 14 16 17 20 14 15 19 29 13 16 9 13 15 19 13 16 5 11 20 17 18 13 18 18 18 0 1 11 13 13 14 19 16 14 14 13 14 6 13 20 7 8 18 19 17 13 14 17 16 11 12 14 10 10 8 14 12 13 14 18 11 9 10 15 17 17 17 18 14 16 8 9 10 13 16 19 19 17 23 10 16 16 17 19 29 10
13 19 20 21 21 18 17 21 23 19 21 18 21 25 17 19 20 20 20 21 19 29 22 21 8 12 14 20 14 15 17 23 25 17 17 21 27 22 17 19 0 10 12 12 13 18 20 21 20 20 21 14 21 28 19 19 17 18 18 12 18 21 15 20 17 19 22 14 17 16 20 21 22 25 10 13 14 15 17 20 16 19 18 20 20 8 9 12 15 21 20 24 24 9 15 18 19 19 29 22
21 20 21 22 20 22 17 21 17 9 11 12 18 17 16 18 18 21 14 15 18 28 19 17 18 22 24 18 10 19 14 20 21 20 15 19 21 19 7 9 10 0 10 11 12 18 21 23 14 18 15 15 18 25 15 16 23 24 16 17 21 24 13 19 20 22 19 19 17 21 21 19 19 23 15 18 19 19 20 18 16 18 23 16 17 15 15 18 5 12 13 17 23 14 20 21 22 22 31 19
16 15 16 14 11 15 8 12 12 13 15 7 13 16 13 15 16 16 9 10 8 18 13 17 16 18 20 11 3 12 15 18 21 13 6 14 18 14 9 13 12 10 0 1 2 8 16 19 9 9 10 11 10 17 10 11 14 15 7 8 11 14 4 11 12 14 14 12 15 12 17 11 11 14 6 9 10 11 10 13 7 10 16 16 18 6 7 9 13 14 15 19 15 5 11 13 14 12 22 20
15 14 15 13 10 14 7 11 11 12 14 6 12 15 12 14 15 15 8 9 7 17 12 16 15 17 19 10 2 11 14 17 20 12 5 13 17 13 8 12 11 9 9 0 1 7 15 18 8 8 9 10 9 16 9 10 13 14 6 7 10 13 3 10 11 13 13 11 14 11 16 10 10 13 5 8 9 10 9 12 6 9 15 15 17 5 6 8 12 13 14 18 14 4 10 12 13 11 21 19
16 22 23 21 20 20 18 22 20 21 19 17 15 17 16 18 18 20 17 18 18 28 18 17 18 22 24 21 13 17 13 16 21 21 16 22 21 16 19 18 19 20 10 11 0 6 14 21 19 19 20 16 17 24 15 16 19 20 17 14 9 12 14 16 17 19 18 10 13 16 22 18 9 14 10 13 14 19 8 11 17 20 14 16 16 10 11 14 17 12 13 17 23 9 15 18 19 10 20 18
22 22 17 18 19 23 24 28 19 20 22 15 9 16 15 17 17 20 16 15 19 29 22 16 17 21 23 22 20 29 19 25 20 20 14 21 15 10 14 20 18 27 17 18 19 0 8 15 17 24 18 19 21 26 18 19 22 23 24 17 21 24 21 22 22 24 20 21 24 24 25 22 21 26 22 19 20 18 20 21 23 21 25 15 18 22 14 17 16 11 12 16 22 21 23 24 20 22 30 19
14 14 9 10 11 15 16 20 11 12 14 7 1 8 7 9 9 12 8 7 11 21 14 8 9 13 15 14 12 21 11 17 12 12 6 13 7 2 6 12 10 19 9 10 11 17 0 7 9 16 10 11 13 18 10 11 14 15 16 9 13 16 13 14 14 16 12 13 16 16 17 14 13 18 14 11 12 10 12 13 15 13 17 7 10 14 6 9 8 3 4 8 14 13 15 16 12 14 22 11
12 13 14 15 16 11 9 13 10 11 13 5 11 17 12 14 15 18 7 8 12 22 7 11 7 11 13 7 11 14 13 18 15 10 12 11 12 12 15 11 9 18 11 9 10 16 10 0 2 9 3 4 6 13 8 9 16 12 14 11 10 13 12 7 8 10 12 13 16 11 10 7 8 13 12 15 16 8 10 6 8 6 14 15 16 7 8 11 14 13 13 17 11 11 13 9 10 12 22 18
11 17 12 13 14 9 7 11 15 9 11 11 9 15 10 12 13 16 13 10 14 24 5 9 10 14 16 5 9 12 11 16 13 8 10 9 10 10 13 9 7 16 9 7 8 14 8 10 0 7 1 2 4 11 13 7 14 10 12 9 8 11 10 5 6 8 10 11 14 9 8 5 6 11 10 13 14 6 8 4 6 4 12 13 14 5 6 9 12 11 11 15 9 9 11 7 8 10 20 16
11 17 14 14 14 11 9 12 15 10 9 10 9 16 10 12 13 16 12 12 14 24 7 11 12 14 16 7 9 14 11 16 15 8 10 9 12 10 13 9 7 16 10 7 8 14 8 10 12 0 1 2 4 11 13 7 16 17 13 11 8 11 10 5 6 8 11 12 15 9 8 5 6 5 10 6 7 6 8 4 8 6 14 13 14 7 8 11 13 11 12 16 11 9 11 7 8 10 20 16
10 16 13 13 13 14 11 11 15 9 11 10 10 16 9 11 12 15 12 11 13 23 6 10 11 13 15 14 8 16 10 15 14 7 9 8 11 11 12 8 6 15 9 6 7 13 9 9 11 14 0 1 3 10 12 6 16 17 12 13 7 10 9 4 5 7 10 11 14 8 7 4 5 10 9 12 13 5 7 3 10 13 13 12 13 9 10 12 12 11 12 16 18 8 10 6 7 9 19 15
9 15 16 17 17 18 15 15 18 13 15 13 14 21 13 15 16 16 15 15 19 29 10 10 11 14 16 15 17 22 9 15 14 18 19 7 15 15 18 14 15 25 18 17 16 22 13 8 10 17 11 0 7 14 11 12 22 20 13 14 11 14 17 8 9 11 14 15 18 12 6 7 8 13 19 13 14 16 18 14 14 14 17 16 12 15 15 18 16 16 17 21 19 18 21 10 11 16 26 14
9 15 10 10 10 15 8 8 12 6 8 9 7 14 6 8 9 12 10 8 12 22 3 7 8 10 12 11 10 18 9 15 11 11 12 12 8 8 11 12 10 20 11 12 13 19 6 13 11 13 12 12 0 7 11 12 15 16 13 11 4 7 10 1 2 4 14 14 17 5 11 1 2 7 12 13 14 9 11 14 7 10 10 9 12 11 8 11 9 9 10 14 15 11 14 3 4 9 19 14
18 17 18 13 17 14 18 14 14 15 8 9 15 20 16 18 5 8 11 12 16 26 15 18 17 21 23 16 10 18 12 18 22 11 13 16 20 16 15 8 9 19 13 11 12 18 18 21 11 18 12 13 15 0 5 6 8 9 13 14 7 10 14 14 5 7 10 11 11 15 19 16 16 21 13 16 17 9 11 14 17 15 15 17 15 13 14 16 13 15 16 20 20 12 14 16 17 13 18 17
17 19 20 8 13 9 14 18 16 17 14 15 18 25 15 17 18 21 13 13 17 27 14 13 12 16 18 21 10 19 8 14 17 18 16 16 19 14 18 3 4 14 16 11 12 18 17 17 17 16 17 9 16 20 0 1 11 12 12 13 15 18 14 12 13 15 5 6 9 15 15 16 17 21 9 12 13 18 20 20 17 20 10 12 11 12 13 16 19 20 15 19 25 13 19 19 20 22 31 13
16 18 19 7 12 8 13 17 15 16 13 14 17 24 14 16 17 20 12 12 16 26 13 12 11 15 17 21 11 18 7 13 16 17 17 15 18 13 17 2 3 13 15 13 14 20 16 16 16 15 16 8 15 19 9 0 10 11 11 12 14 17 16 11 12 14 4 5 8 14 14 15 16 20 13 11 12 17 19 19 17 20 9 11 10 11 12 15 18 19 14 18 24 12 18 18 19 21 30 12
14 13 14 15 9 15 10 14 10 11 4 5 11 18 9 11 12 15 7 8 10 20 8 12 13 17 19 12 5 10 8 14 16 13 8 12 13 12 11 6 7 12 10 3 4 10 11 17 7 11 8 9 11 16 8 9 0 1 5 6 6 9 6 6 7 4 13 5 3 9 15 10 11 16 8 11 12 12 12 11 9 11 9 11 11 6 7 10 15 13 14 18 16 7 13 14 15 14 24 13
13 12 13 14 8 14 9 13 9 10 3 4 10 17 14 13 14 15 6 7 9 19 11 14 15 19 21 11 4 9 10 16 18 12 7 11 16 11 10 10 11 11 11 2 3 9 14 16 6 10 7 8 10 15 7 8 15 0 4 5 5 8 5 11 12 3 12 13 16 13 14 9 10 15 7 10 11 12 11 10 8 10 17 14 13 7 8 10 14 12 13 17 15 6 12 13 14 13 23 15
17 17 18 14 4 10 8 12 14 15 17 13 15 16 12 9 10 11 11 12 16 26 11 11 12 16 18 11 14 18 13 19 15 14 12 16 16 16 15 16 13 22 13 13 3 9 14 21 15 15 16 17 18 11 15 16 19 20 0 1 8 11 10 10 11 13 14 13 16 18 23 18 12 17 12 11 12 12 11 14 7 10 17 10 12 11 12 15 13 15 16 20 15 11 17 19 20 13 21 18
16 16 17 17 10 16 16 19 13 14 16 15 15 19 18 8 9 10 10 11 15 25 11 10 11 15 17 19 15 19 12 18 14 13 15 15 16 16 18 17 12 22 12 13 2 8 14 21 17 20 18 17 17 17 14 15 21 22 15 0 7 10 16 9 10 12 14 12 15 17 23 17 11 16 12 13 14 11 10 13 15 18 16 9 12 12 13 16 17 14 15 19 23 11 16 18 19 12 20 17
14 20 21 13 17 14 14 18 17 18 11 12 17 22 19 21 22 22 14 15 19 29 19 18 19 22 24 17 13 19 5 11 20 17 12 19 23 18 15 10 11 21 16 14 15 21 16 22 14 13 14 15 17 24 7 8 18 19 13 14 0 3 10 17 18 20 10 11 14 18 21 18 19 18 12 9 10 15 17 17 13 16 15 17 8 12 13 15 19 19 20 17 21 11 17 20 21 19 29 10
11 17 18 10 14 11 11 15 14 15 8 9 14 19 16 18 19 19 11 12 16 26 16 15 16 19 21 14 10 16 2 8 17 14 9 16 20 15 12 7 8 18 13 11 12 18 13 19 11 10 11 12 14 21 4 5 15 16 10 11 2 0 7 14 15 17 7 8 11 15 18 15 16 15 9 6 7 12 14 14 10 13 12 14 5 9 10 12 16 16 17 14 18 8 14 17 18 16 26 7
12 11 12 10 7 11 4 8 8 9 11 3 9 12 9 11 12 12 5 6 10 20 9 13 14 18 19 7 6 9 12 18 17 11 2 10 14 10 5 9 9 13 6 4 5 11 12 15 5 5 6 7 9 14 6 7 10 11 3 4 11 14 0 9 10 12 10 11 13 8 13 10 10 10 2 5 6 10 12 9 3 6 14 12 15 2 3 5 9 11 12 16 11 1 7 10 11 14 22 17
12 16 9 10 15 14 7 10 13 5 7 8 6 13 12 14 14 15 10 7 11 21 2 6 7 11 13 10 9 17 8 14 10 12 11 15 7 7 11 12 13 22 14 13 14 20 5 12 10 14 11 12 13 19 10 11 19 20 12 13 3 6 9 0 1 3 13 13 16 17 18 14 15 19 11 12 13 13 15 14 6 9 17 12 11 10 11 14 11 8 9 13 14 10 16 16 17 17 25 13
16 22 17 11 16 16 16 9 13 14 13 14 14 21 20 22 13 16 16 15 19 29 10 14 15 19 21 19 15 20 7 13 18 19 14 15 15 15 12 12 13 23 17 16 17 23 13 20 16 14 15 16 18 23 9 10 20 21 15 16 2 5 12 19 0 2 12 13 16 20 22 19 20 19 14 11 12 17 19 18 15 18 17 19 10 13 14 17 10 16 17 19 23 13 19 21 22 21 26 12
16 22 23 13 18 14 16 20 19 20 13 14 17 24 20 22 23 24 16 17 21 31 19 18 19 22 24 19 15 19 7 13 22 17 14 21 23 18 17 12 13 23 18 16 17 23 16 23 16 15 16 17 19 25 9 10 20 21 15 16 2 5 12 17 18 0 10 11 14 20 23 20 21 20 14 9 10 15 17 19 15 18 15 17 10 14 15 17 21 19 20 19 23 13 19 22 23 19 29 12
13 14 15 3 8 4 9 13 11 12 10 11 13 20 10 12 13 16 8 8 12 22 9 8 9 12 14 17 7 14 4 10 12 13 13 13 14 9 13 5 6 16 11 12 10 16 12 19 13 12 13 11 14 15 6 7 16 17 7 8 10 13 14 7 8 10 0 1 4 10 16 15 13 17 15 8 9 13 15 16 13 16 5 7 7 7 8 11 14 15 10 14 20 15 18 17 18 17 26 9
12 13 14 11 13 12 13 16 10 11 9 10 12 19 9 11 12 15 7 8 12 22 8 7 8 12 14 16 6 13 3 9 11 13 15 12 13 13 17 8 9 19 10 11 12 16 11 18 12 11 12 12 14 20 5 6 15 16 15 10 9 12 13 6 7 9 8 0 3 9 15 15 12 16 14 7 8 12 14 15 12 15 4 6 6 6 7 10 15 14 9 13 19 14 17 17 18 16 25 8
14 15 12 13 10 13 10 13 12 8 10 11 9 16 6 8 9 12 9 10 14 24 5 9 10 14 16 13 8 10 5 11 13 11 13 13 10 10 14 9 10 17 7 8 9 13 8 15 13 13 14 9 16 17 7 7 12 13 14 7 6 9 11 3 4 6 10 2 0 6 12 13 14 18 13 9 10 9 11 14 9 12 6 8 8 3 4 7 12 11 11 15 17 12 14 17 18 13 22 10
9 11 12 12 5 11 10 14 8 9 11 9 15 15 1 3 4 7 5 6 10 20 12 5 6 10 12 13 11 15 9 14 9 6 8 7 17 16 11 14 5 15 8 9 10 16 15 17 11 11 12 12 12 12 11 12 16 17 9 10 7 10 6 13 14 14 9 10 13 0 6 7 8 13 8 8 9 4 6 9 9 12 14 4 7 8 9 11 12 10 11 15 17 7 9 12 13 8 17 14
3 9 10 11 11 12 13 17 14 15 9 9 15 16 15 13 14 10 11 12 16 26 16 4 5 8 10 16 11 17 3 9 8 13 15 1 11 12 16 8 9 19 15 16 10 16 14 11 11 11 12 10 15 18 5 6 16 17 7 8 11 9 16 15 16 18 8 9 12 17 0 1 2 7 14 7 8 11 13 14 12 15 13 14 6 15 14 14 16 11 12 15 20 14 16 18 19 15 20 8
8 14 15 16 18 19 19 23 18 19 16 17 20 15 14 16 16 19 15 16 20 30 23 15 16 20 22 22 18 24 10 16 19 19 17 20 19 20 17 15 16 26 16 17 18 24 19 16 18 18 19 18 22 25 12 13 21 22 18 16 10 8 15 22 21 23 15 16 19 23 24 0 1 6 15 14 15 17 19 22 18 21 20 14 13 17 13 16 15 10 11 15 21 16 22 25 26 21 29 15
7 13 14 15 17 21 23 27 17 18 20 19 19 14 13 15 15 18 14 15 19 29 22 14 15 19 21 22 18 27 17 23 18 18 20 19 18 19 16 17 17 25 15 16 17 23 18 15 17 24 18 17 21 24 19 20 20 21 22 15 19 22 19 22 20 22 18 19 22 22 23 22 0 5 14 17 18 16 18 21 22 21 23 13 16 20 12 15 14 9 10 14 20 19 21 24 25 20 28 22
26 25 26 24 20 25 18 22 22 23 25 17 20 26 16 18 19 22 19 20 18 28 23 20 21 25 27 21 13 22 25 28 24 20 16 24 26 21 19 20 19 20 20 11 12 18 19 26 19 19 20 21 20 27 20 18 24 25 17 18 21 24 14 21 22 24 22 22 25 22 27 21 21 0 9 12 13 18 20 23 17 20 26 19 22 16 17 19 23 22 23 27 25 15 21 23 24 22 32 30
17 16 17 15 11 16 9 13 13 14 16 8 11 17 7 9 10 13 10 11 9 19 14 11 12 16 18 12 4 13 16 19 15 11 7 15 17 12 10 11 10 11 11 2 3 9 10 17 10 10 11 12 11 18 11 9 15 16 8 9 12 15 5 12 13 15 13 13 16 13 18 12 12 15 0 3 4 9 11 14 8 11 17 10 13 7 8 10 14 13 14 18 16 6 12 14 15 13 23 21
20 19 16 16 17 17 18 22 16 16 18 11 8 15 13 15 16 16 13 14 18 28 18 15 15 19 21 18 13 10 13 16 19 8 10 18 14 9 13 16 7 17 10 11 12 18 7 14 13 19 14 15 17 24 14 14 18 19 17 14 9 12 14 18 18 20 13 14 17 12 18 18 18 23 10 0 1 6 8 11 17 17 18 14 16 10 11 13 15 10 11 15 21 9 11 14 15 10 20 18
19 18 17 15 16 16 17 21 15 15 17 10 9 16 12 14 15 15 12 13 17 27 17 16 14 18 20 17 12 9 12 15 20 7 9 17 15 10 12 15 6 16 9 10 11 17 8 15 12 18 13 14 16 23 13 13 17 18 16 13 8 11 13 17 17 19 12 13 16 11 17 17 17 22 9 1 0 5 7 10 16 16 17 15 15 9 10 12 16 11 12 16 21 8 10 13 14 9 19 17
14 13 14 10 11 11 12 16 10 10 12 5 11 11 7 9 10 10 7 8 12 22 12 11 9 13 15 12 7 11 8 10 15 2 4 12 15 12 7 11 1 11 4 5 6 12 14 17 7 13 8 9 11 18 8 9 12 13 11 8 3 6 8 12 12 14 7 8 11 6 12 12 12 17 4 7 8 0 2 5 11 11 12 10 11 4 5 7 11 6 7 11 16 3 5 8 9 4 14 13
15 15 15 14 12 12 10 14 12 13 12 9 13 9 8 10 10 12 9 10 10 20 12 9 10 14 16 13 5 9 6 8 13 13 8 14 13 14 11 11 12 12 2 3 4 10 12 16 11 11 12 8 9 16 8 9 11 12 9 6 1 4 6 10 11 13 11 12 14 8 14 10 11 16 2 5 6 11 0 3 9 12 16 8 9 2 3 6 9 4 5 9 15 1 7 10 11 2 12 11
15 21 16 14 16 15 8 12 16 12 14 13 13 16 12 14 15 18 15 14 18 28 9 13 14 16 18 11 16 18 15 21 17 16 12 18 14 14 15 16 15 25 15 16 17 21 12 19 15 17 16 17 6 13 16 17 20 21 18 15 10 13 16 7 8 10 16 17 20 11 17 7 8 13 17 19 20 14 16 0 7 10 16 15 18 11 12 15 13 15 16 20 15 16 19 9 10 15 25 20
13 14 13 7 12 8 1 5 9 10 12 6 10 9 12 14 9 12 8 9 13 23 6 10 11 15 17 4 11 11 13 17 14 9 5 11 11 11 8 9 8 18 8 9 10 14 9 16 8 10 9 10 12 13 9 10 13 14 11 8 10 13 12 13 13 15 9 10 13 13 16 13 13 15 10 13 14 7 9 12 0 3 11 12 15 4 5 8 6 12 9 13 8 9 12 15 16 11 21 18
13 16 15 9 12 5 3 7 11 12 14 8 12 11 10 12 11 14 10 11 13 23 8 7 8 12 14 1 8 8 10 16 11 11 7 13 13 13 10 11 10 15 5 6 7 11 11 15 10 12 11 7 14 10 11 12 10 11 8 5 12 15 9 13 10 12 6 7 10 13 13 14 15 17 7 10 11 9 11 14 2 0 8 9 12 1 2 5 8 14 7 11 5 6 12 15 16 13 23 15
9 9 10 10 14 11 13 17 6 7 9 8 14 21 16 12 13 12 3 4 8 18 13 3 4 8 10 15 11 16 11 17 7 9 11 8 18 15 14 12 12 22 15 15 16 22 13 17 10 16 11 10 10 17 11 12 18 19 14 15 14 17 11 11 12 12 7 8 11 15 16 11 8 13 13 6 7 11 13 13 12 14 0 2 5 13 14 13 18 16 17 21 19 12 16 13 14 15 22 16
7 7 8 8 12 9 11 15 4 5 7 6 12 19 14 10 11 10 1 2 6 16 11 1 2 6 8 13 9 14 9 15 5 7 9 6 16 13 12 10 10 20 13 13 14 20 11 15 8 14 9 8 8 15 9 10 16 17 12 13 12 15 9 9 10 10 5 6 9 13 14 9 6 11 11 4 5 9 11 11 10 12 10 0 3 11 12 11 16 14 15 19 17 10 14 11 12 13 20 14
15 16 17 5 10 6 11 15 13 14 12 12 9 16 12 14 15 17 10 10 14 24 11 10 11 14 16 19 9 11 6 12 14 9 11 15 15 10 14 7 8 18 11 12 12 18 8 15 14 14 15 13 16 17 8 9 18 19 9 10 10 13 15 9 10 12 2 3 6 12 18 17 15 19 11 1 2 7 9 12 15 18 7 9 0 9 10 13 16 11 12 16 22 10 12 15 16 11 21 11
15 19 20 18 14 10 12 16 16 13 13 11 17 20 15 12 13 14 13 14 12 22 15 14 15 18 20 15 7 7 10 16 18 17 10 13 20 18 11 13 14 14 4 5 6 10 18 14 13 13 14 6 13 20 12 11 9 10 11 4 11 14 8 13 9 11 15 14 12 16 12 13 14 18 10 13 14 15 14 17 11 14 18 13 13 0 1 4 9 16 12 16 19 9 15 16 17 16 24 15
14 18 19 17 13 9 11 15 15 12 12 10 16 19 16 11 12 13 12 13 11 21 14 13 14 17 19 14 6 15 14 20 17 16 9 12 19 17 10 14 14 13 3 4 5 11 17 13 12 12 13 5 12 19 13 14 8 9 10 3 10 13 7 12 8 10 15 13 11 15 11 12 13 17 9 12 13 14 13 16 10 13 17 12 15 9 0 3 8 15 16 20 18 8 14 15 16 15 23 19
11 17 18 15 13 6 11 14 15 9 9 10 16 17 14 16 17 10 12 13 15 25 12 12 13 14 16 17 10 15 11 17 16 13 13 9 17 17 7 11 11 17 15 8 9 15 15 10 12 16 13 2 9 16 13 14 5 6 9 10 7 10 11 10 5 7 12 10 8 14 8 9 10 15 13 15 16 11 13 16 14 16 14 16 14 11 12 0 5 12 13 17 21 12 16 12 13 15 20 16
16 15 16 17 15 17 12 16 12 4 6 7 13 12 11 13 13 16 9 10 14 24 14 12 13 17 19 13 5 14 15 21 16 15 10 14 16 14 2 12 6 16 13 12 13 19 16 19 9 13 10 11 13 20 10 11 18 19 11 12 17 20 8 14 15 17 15 16 19 16 17 14 14 18 10 13 14 14 16 13 11 13 20 11 14 10 10 13 0 7 8 12 18 9 15 16 17 18 26 20
11 11 11 12 8 12 14 18 8 9 11 10 10 5 4 6 6 9 5 6 10 20 15 5 6 10 12 17 9 18 8 14 9 9 11 10 9 10 7 13 8 16 6 7 8 14 9 16 12 15 13 8 12 15 10 11 11 12 13 6 10 13 10 13 11 13 9 10 13 13 14 13 10 15 11 8 9 7 9 12 13 16 14 4 7 11 3 6 5 0 1 5 11 10 12 15 16 11 19 13
13 13 14 14 7 11 13 17 10 11 13 11 17 17 3 5 5 8 7 8 12 22 14 7 8 12 14 16 8 17 14 16 11 8 10 12 19 18 12 16 7 15 5 6 7 13 17 15 13 14 14 7 14 14 14 15 10 11 12 5 9 12 9 14 10 12 11 12 13 12 13 14 12 17 10 10 11 6 8 11 12 15 16 6 9 10 2 5 10 12 0 4 10 9 11 14 15 10 18 19
19 23 24 22 18 14 16 20 20 17 17 15 19 24 15 16 17 18 17 18 16 26 19 18 18 22 24 19 11 15 18 24 22 19 14 17 24 20 15 19 10 18 8 9 10 16 18 18 17 17 18 10 17 24 18 17 13 14 15 8 15 18 12 17 13 15 20 18 16 14 16 17 18 22 8 11 12 17 18 21 15 18 22 17 20 8 5 8 13 20 20 0 6 7 13 16 17 20 28 23
17 18 19 17 13 12 11 15 15 15 15 10 13 19 9 11 12 12 12 13 11 21 16 13 14 18 19 14 6 9 12 18 17 13 9 15 19 14 12 13 12 13 6 4 5 11 12 16 12 12 13 8 13 20 13 11 11 12 10 6 13 16 7 14 11 13 15 15 14 8 14 14 14 17 2 5 6 11 13 16 10 13 17 12 15 2 3 6 11 15 14 18 0 1 7 10 11 15 22 17
16 17 18 16 12 11 10 14 14 14 14 9 12 18 8 10 11 11 11 12 10 20 15 12 13 17 18 13 5 8 11 17 16 12 8 14 18 13 11 12 11 12 5 3 4 10 11 15 11 11 12 7 12 19 12 10 10 11 9 5 12 15 6 13 10 12 14 14 13 7 13 13 13 16 1 4 5 10 12 15 9 12 16 11 14 1 2 5 10 14 13 17 17 0 6 9 10 14 21 16
10 12 13 13 6 12 11 15 9 10 12 10 16 16 2 4 5 5 6 7 11 21 13 6 7 11 12 14 12 16 10 15 10 7 9 8 18 17 12 15 6 16 9 10 11 17 16 18 12 12 13 13 13 13 12 13 16 17 10 11 8 11 7 14 15 15 10 11 14 1 7 8 9 14 9 9 10 5 7 10 10 13 10 5 8 9 8 11 13 11 12 16 18 8 0 3 4 9 15 15
11 13 14 14 7 13 12 16 10 11 13 11 17 13 3 5 6 9 7 8 12 22 14 7 8 12 9 15 11 17 11 16 11 8 10 9 17 18 13 16 7 17 8 9 10 16 17 18 13 13 14 10 14 14 13 14 13 14 11 8 9 12 8 15 13 15 11 12 15 2 8 9 10 15 10 10 11 6 8 11 11 14 7 6 9 10 5 8 13 8 9 13 19 9 11 0 1 6 16 16
13 13 14 14 15 15 11 15 10 11 13 12 17 12 11 13 13 16 7 8 12 22 16 7 8 12 8 14 11 20 15 19 11 11 13 12 16 17 14 16 10 20 13 14 15 21 16 21 14 20 15 14 14 21 15 16 18 19 18 13 12 15 15 15 16 16 11 12 15 15 20 15 12 17 13 10 11 9 11 14 10 13 16 6 9 13 10 13 12 7 8 12 18 12 14 17 0 5 15 17
13 13 13 14 10 14 16 20 10 11 13 12 12 7 6 8 8 11 7 8 12 22 17 7 8 12 14 19 6 15 10 16 11 11 13 12 11 12 9 15 10 18 8 9 10 16 11 18 14 17 15 10 14 17 12 13 13 14 15 8 12 15 12 15 13 15 11 12 15 15 16 10 11 16 13 10 11 9 11 14 15 18 16 6 9 13 5 8 7 2 3 7 13 12 14 17 12 0 10 12
6 12 13 14 17 17 13 17 12 13 15 14 9 14 13 15 15 18 9 10 14 24 18 9 10 14 10 16 13 17 17 21 13 13 14 14 15 10 14 16 12 22 14 15 16 20 8 14 16 22 17 16 16 23 17 18 19 20 20 14 14 17 17 17 18 18 13 14 17 17 22 17 14 19 15 12 13 11 13 16 12 15 18 8 11 10 11 14 14 9 10 9 15 14 16 19 2 7 0 2
4 10 11 12 17 18 20 24 22 21 21 17 23 28 22 20 21 22 19 17 20 30 19 22 19 23 25 19 15 15 18 24 26 22 18 21 24 24 19 14 15 22 12 13 14 18 22 12 14 21 15 14 18 24 19 19 17 18 19 12 19 22 16 19 17 19 23 22 20 21 20 19 20 25 15 18 19 20 22 18 19 18 26 21 21 8 9 12 17 24 20 7 13 14 20 21 22 24 32 0